BA Model
Parameters:
- m0:20.0
- m:2.0

1 [13, 23, 34]
2 [12, 21]
3 [15]
4 [12, 17, 25, 28, 36, 37]
5 [18, 38]
6 [13, 24, 26]
7 [37]
8 [30]
9 [22]
10 [23, 25]
11 [20, 34, 41]
12 [2, 4, 14, 15, 16, 17, 20, 29]
13 [1, 6, 14, 21]
14 [12, 13]
15 [3, 12, 16, 19, 24, 39]
16 [12, 15, 31, 39]
17 [4, 12, 18, 19, 27, 35]
18 [5, 17]
19 [15, 17, 29, 32]
20 [11, 12, 22, 26]
21 [2, 13]
22 [9, 20, 28, 31, 32]
23 [1, 10, 30, 33]
24 [6, 15]
25 [4, 10, 36]
26 [6, 20, 27, 38, 40]
27 [17, 26, 41]
28 [4, 22, 40]
29 [12, 19]
30 [8, 23, 33, 35]
31 [16, 22]
32 [19, 22]
33 [23, 30]
34 [1, 11]
35 [17, 30]
36 [4, 25]
37 [4, 7]
38 [5, 26]
39 [15, 16]
40 [26, 28]
41 [11, 27]
