BA Model
Parameters:
- m0:20.0
- m:2.0

1 [24, 25, 40, 52, 82]
2 [39, 80, 110]
3 [34, 136]
4 [22, 35, 38, 49, 61, 74, 90, 101, 105, 131]
5 [20, 23, 29, 48, 113, 136]
6 [21, 26, 65]
7 [20, 28]
8 [43, 69, 91, 116]
9 [21, 41, 56, 68, 73]
10 [42, 106]
11 [37, 111]
12 [107]
13 [44]
14 [23, 120]
15 [72]
16 [76]
17 [109]
18 [51, 53, 121]
19 [87]
20 [5, 7, 24, 25, 29, 31, 33, 40, 42, 46, 47, 60, 66, 68, 74, 77, 86, 108, 119]
21 [6, 9, 22, 28, 105, 131, 138]
22 [4, 21, 26, 27, 30, 35, 36, 46, 54, 57, 64, 94, 146]
23 [5, 14, 27, 32, 58, 106, 122]
24 [1, 20, 51]
25 [1, 20, 32, 37, 48, 63, 75, 104, 129]
26 [6, 22]
27 [22, 23, 55, 59, 70, 96]
28 [7, 21, 39, 72, 99, 114]
29 [5, 20, 30, 36, 69, 87, 95, 103, 108, 125, 127]
30 [22, 29, 31, 33, 52, 62, 71, 85, 92, 140]
31 [20, 30, 60, 90, 92, 132, 133]
32 [23, 25, 34, 53, 58, 62, 139]
33 [20, 30, 41, 47, 49, 65, 76]
34 [3, 32, 45]
35 [4, 22, 43]
36 [22, 29, 38, 45, 66, 79, 115, 126, 140]
37 [11, 25, 44, 50, 55, 63, 93, 125, 145]
38 [4, 36, 56, 75, 116, 146]
39 [2, 28, 59, 104, 111]
40 [1, 20, 126, 132]
41 [9, 33]
42 [10, 20, 67, 99]
43 [8, 35, 137]
44 [13, 37]
45 [34, 36, 73, 82]
46 [20, 22, 54, 89]
47 [20, 33]
48 [5, 25]
49 [4, 33, 50, 57, 61, 70, 78, 83, 84, 85, 89, 128, 149]
50 [37, 49]
51 [18, 24]
52 [1, 30, 78, 93, 124]
53 [18, 32, 64]
54 [22, 46, 138]
55 [27, 37, 133]
56 [9, 38, 97]
57 [22, 49, 121]
58 [23, 32, 102, 135]
59 [27, 39, 81, 107, 137]
60 [20, 31, 86, 94, 115, 148]
61 [4, 49, 71]
62 [30, 32, 81]
63 [25, 37, 147]
64 [22, 53, 67]
65 [6, 33, 103, 129]
66 [20, 36]
67 [42, 64, 84, 98]
68 [9, 20, 77, 95, 96, 100, 141]
69 [8, 29, 80]
70 [27, 49, 114]
71 [30, 61, 119, 122, 142]
72 [15, 28, 134]
73 [9, 45, 120]
74 [4, 20, 83, 91, 100, 118]
75 [25, 38]
76 [16, 33]
77 [20, 68, 79]
78 [49, 52, 88, 141, 145]
79 [36, 77, 128]
80 [2, 69]
81 [59, 62]
82 [1, 45]
83 [49, 74, 149]
84 [49, 67, 102]
85 [30, 49, 113]
86 [20, 60, 88]
87 [19, 29]
88 [78, 86, 98, 109]
89 [46, 49, 101]
90 [4, 31, 97]
91 [8, 74, 142]
92 [30, 31]
93 [37, 52, 110, 143]
94 [22, 60]
95 [29, 68]
96 [27, 68]
97 [56, 90, 123]
98 [67, 88, 112, 117]
99 [28, 42]
100 [68, 74]
101 [4, 89, 127]
102 [58, 84]
103 [29, 65]
104 [25, 39, 118, 123]
105 [4, 21]
106 [10, 23]
107 [12, 59, 112, 148]
108 [20, 29]
109 [17, 88, 124]
110 [2, 93]
111 [11, 39]
112 [98, 107, 130]
113 [5, 85]
114 [28, 70, 117]
115 [36, 60]
116 [8, 38, 135]
117 [98, 114]
118 [74, 104, 143]
119 [20, 71]
120 [14, 73]
121 [18, 57]
122 [23, 71, 147]
123 [97, 104, 144]
124 [52, 109]
125 [29, 37, 130]
126 [36, 40]
127 [29, 101]
128 [49, 79, 134, 139]
129 [25, 65]
130 [112, 125]
131 [4, 21]
132 [31, 40, 144]
133 [31, 55]
134 [72, 128]
135 [58, 116]
136 [3, 5]
137 [43, 59]
138 [21, 54]
139 [32, 128]
140 [30, 36]
141 [68, 78]
142 [71, 91]
143 [93, 118]
144 [123, 132]
145 [37, 78]
146 [22, 38]
147 [63, 122]
148 [60, 107]
149 [49, 83]
