BA Model
Parameters:
- m0:20.0
- m:2.0

1 [14, 19]
2 [17]
3 [28, 30]
4 [23, 27, 39]
5 [20, 29]
6 [16, 17, 21, 23, 29, 30, 32, 37]
7 [25, 33]
8 [14, 26, 32, 41]
9 [13, 24]
10 [19, 38]
11 [13, 15, 25]
12 [15, 16, 20, 22, 27, 39, 40]
13 [9, 11, 18, 22]
14 [1, 8, 24, 28, 34]
15 [11, 12, 18, 21]
16 [6, 12, 26, 33, 36, 40]
17 [2, 6, 35]
18 [13, 15]
19 [1, 10, 34]
20 [5, 12, 31]
21 [6, 15]
22 [12, 13, 31, 37, 42]
23 [4, 6, 38]
24 [9, 14]
25 [7, 11, 35]
26 [8, 16]
27 [4, 12]
28 [3, 14, 41, 42]
29 [5, 6]
30 [3, 6, 36]
31 [20, 22]
32 [6, 8]
33 [7, 16]
34 [14, 19]
35 [17, 25]
36 [16, 30]
37 [6, 22]
38 [10, 23]
39 [4, 12]
40 [12, 16]
41 [8, 28]
42 [22, 28]
