BA Model
Parameters:
- m0:20.0
- m:2.0

1 [21]
2 [15, 20]
3 [16, 18, 19, 22, 26]
4 [21, 38]
5 [22, 34]
6 [16, 26, 27]
7 [19, 38]
8 [14, 17, 25, 33]
9 [24, 31]
10 [27, 32]
11 [24]
12 [23, 29]
13 [14, 29]
14 [8, 13, 15, 20, 28, 37]
15 [2, 14, 28]
16 [3, 6, 17, 18, 23, 30, 34, 35]
17 [8, 16, 30, 32]
18 [3, 16, 36]
19 [3, 7, 31, 37, 42, 43]
20 [2, 14]
21 [1, 4]
22 [3, 5, 41]
23 [12, 16]
24 [9, 11, 25, 39, 42]
25 [8, 24, 39]
26 [3, 6, 40]
27 [6, 10]
28 [14, 15]
29 [12, 13]
30 [16, 17, 36, 41]
31 [9, 19, 33]
32 [10, 17]
33 [8, 31, 35]
34 [5, 16]
35 [16, 33]
36 [18, 30, 43]
37 [14, 19]
38 [4, 7]
39 [24, 25, 40]
40 [26, 39]
41 [22, 30]
42 [19, 24]
43 [19, 36]
