BA Model
Parameters:
- m0:20.0
- m:2.0

1 [22, 24, 42, 53, 61, 70, 102, 106, 120]
2 [20]
3 [45, 69]
4 [35, 115]
5 [78]
6 [18, 22, 43]
7 [105]
8 [19]
9 [89]
10 [92, 122]
11 [18, 21, 25, 32, 46, 47, 54]
12 [38, 88, 129, 140]
13 [23, 27, 59, 134]
14 [19, 71]
15 [74]
16 [55]
17 [79]
18 [6, 11, 20, 21, 24, 44, 49, 52, 75, 76, 80, 141]
19 [8, 14, 29, 30, 34, 37, 45, 47, 50, 57, 64, 66, 68, 76, 77, 80, 86, 87, 128, 145, 147]
20 [2, 18, 28, 33, 39, 57, 68]
21 [11, 18, 25, 26, 27, 39, 40, 90, 92, 107, 119]
22 [1, 6, 23, 26, 52]
23 [13, 22, 28, 34, 36, 49, 116, 127, 136]
24 [1, 18, 43, 138]
25 [11, 21]
26 [21, 22, 30, 53, 58, 81]
27 [13, 21, 29, 31, 33, 35, 54, 62, 78, 89, 103, 117, 125, 126, 138]
28 [20, 23, 32, 42, 46, 48, 59, 60, 62, 65, 73, 75, 94, 118, 121]
29 [19, 27, 104, 139]
30 [19, 26, 31, 36, 37, 38, 40, 84, 98, 100, 104, 105, 111, 124, 130]
31 [27, 30, 72, 91, 101, 123]
32 [11, 28, 71, 86, 113, 129]
33 [20, 27, 66]
34 [19, 23, 56, 82, 121]
35 [4, 27, 41, 44, 109, 135, 137, 143]
36 [23, 30, 41, 48, 51, 55, 56, 101]
37 [19, 30]
38 [12, 30, 61, 63, 67, 127]
39 [20, 21, 93, 99]
40 [21, 30]
41 [35, 36, 93, 99]
42 [1, 28, 50, 85, 94, 97]
43 [6, 24, 112]
44 [18, 35, 65, 96, 110, 125]
45 [3, 19, 51, 106, 109, 122, 132, 134]
46 [11, 28, 64, 69, 88, 98, 133, 137, 140]
47 [11, 19, 58, 60, 74, 84, 87]
48 [28, 36, 70]
49 [18, 23, 63]
50 [19, 42, 72]
51 [36, 45, 83, 144]
52 [18, 22, 73]
53 [1, 26]
54 [11, 27]
55 [16, 36, 124]
56 [34, 36]
57 [19, 20, 82]
58 [26, 47, 107, 113]
59 [13, 28]
60 [28, 47, 77]
61 [1, 38, 67]
62 [27, 28, 108, 136]
63 [38, 49]
64 [19, 46, 119, 131, 146]
65 [28, 44, 115, 120]
66 [19, 33]
67 [38, 61, 85, 96, 100, 118]
68 [19, 20, 79, 90]
69 [3, 46, 133, 145]
70 [1, 48, 143]
71 [14, 32, 147]
72 [31, 50]
73 [28, 52, 114]
74 [15, 47, 103]
75 [18, 28]
76 [18, 19, 81]
77 [19, 60]
78 [5, 27, 102, 142]
79 [17, 68]
80 [18, 19]
81 [26, 76]
82 [34, 57, 83, 95]
83 [51, 82]
84 [30, 47]
85 [42, 67]
86 [19, 32]
87 [19, 47, 112]
88 [12, 46]
89 [9, 27]
90 [21, 68, 91, 144]
91 [31, 90, 95]
92 [10, 21]
93 [39, 41]
94 [28, 42, 97, 139]
95 [82, 91, 128]
96 [44, 67, 126]
97 [42, 94, 110, 116, 117, 123, 142, 146]
98 [30, 46, 130]
99 [39, 41]
100 [30, 67]
101 [31, 36]
102 [1, 78, 108, 111]
103 [27, 74]
104 [29, 30]
105 [7, 30]
106 [1, 45]
107 [21, 58]
108 [62, 102]
109 [35, 45]
110 [44, 97, 114, 132, 141]
111 [30, 102]
112 [43, 87]
113 [32, 58]
114 [73, 110]
115 [4, 65]
116 [23, 97]
117 [27, 97]
118 [28, 67]
119 [21, 64]
120 [1, 65]
121 [28, 34]
122 [10, 45]
123 [31, 97, 131]
124 [30, 55]
125 [27, 44]
126 [27, 96]
127 [23, 38]
128 [19, 95]
129 [12, 32]
130 [30, 98]
131 [64, 123, 135]
132 [45, 110]
133 [46, 69]
134 [13, 45]
135 [35, 131]
136 [23, 62]
137 [35, 46]
138 [24, 27]
139 [29, 94]
140 [12, 46]
141 [18, 110]
142 [78, 97]
143 [35, 70]
144 [51, 90]
145 [19, 69]
146 [64, 97]
147 [19, 71]
