BA Model
Parameters:
- m0:20.0
- m:2.0

1 [29, 54, 66, 71, 97, 109, 114]
2 [32]
3 [27, 39, 56, 83, 136]
4 [49, 81]
5 [85, 96, 127]
6 [25]
7 [26, 28, 37, 39, 40, 49, 67, 87, 128]
8 [21, 22, 25, 145]
9 [20, 29, 31, 63, 131, 149]
10 [59]
11 [28, 37, 89, 113, 126]
12 [20, 30, 48, 51, 69, 96, 124, 132]
13 [22, 34, 35, 42]
14 [27, 117]
15 [36]
16 [24, 65]
17 [23, 31, 36, 133]
18 [24, 42, 44, 58, 74, 106, 138]
19 [21, 23, 26, 30, 35, 41, 74, 82, 118]
20 [9, 12, 52, 120]
21 [8, 19, 53, 126]
22 [8, 13, 63, 110, 146]
23 [17, 19, 47, 50, 72, 88, 105, 133]
24 [16, 18, 33, 43, 57, 99]
25 [6, 8, 46, 61, 101]
26 [7, 19, 38, 75]
27 [3, 14, 34, 56, 90]
28 [7, 11, 130, 143]
29 [1, 9, 48, 62, 69, 70, 78]
30 [12, 19, 33, 41, 47, 144]
31 [9, 17, 32, 45, 148, 149]
32 [2, 31, 50, 78]
33 [24, 30, 46, 61]
34 [13, 27, 52, 68, 77, 80, 86, 95, 103, 136]
35 [13, 19, 40, 54, 75, 142, 147]
36 [15, 17, 38, 76, 91, 95, 102]
37 [7, 11]
38 [26, 36, 43, 79, 82, 85, 94, 103, 121]
39 [3, 7, 44, 55, 67, 83]
40 [7, 35]
41 [19, 30]
42 [13, 18, 45, 124, 137]
43 [24, 38, 51, 72, 73, 135]
44 [18, 39, 66, 80, 101, 140]
45 [31, 42, 55, 104, 121, 123, 143, 144]
46 [25, 33, 60, 65]
47 [23, 30, 53, 84]
48 [12, 29, 64]
49 [4, 7, 60, 107]
50 [23, 32, 59, 100, 129, 131]
51 [12, 43, 92, 99, 104, 109]
52 [20, 34, 62, 91, 117, 127, 140]
53 [21, 47, 77, 98, 120, 148]
54 [1, 35, 57, 64, 70]
55 [39, 45]
56 [3, 27, 76, 98, 100, 139, 145]
57 [24, 54, 58, 115]
58 [18, 57, 84]
59 [10, 50, 105]
60 [46, 49, 71, 81]
61 [25, 33]
62 [29, 52, 116, 119]
63 [9, 22, 97, 108]
64 [48, 54]
65 [16, 46, 93, 110]
66 [1, 44, 68, 79, 93, 106, 125, 139]
67 [7, 39]
68 [34, 66]
69 [12, 29, 113, 114, 115]
70 [29, 54, 88, 116]
71 [1, 60, 73]
72 [23, 43, 119]
73 [43, 71]
74 [18, 19, 89, 108, 132]
75 [26, 35]
76 [36, 56]
77 [34, 53, 125]
78 [29, 32, 86]
79 [38, 66, 122]
80 [34, 44, 111]
81 [4, 60, 87]
82 [19, 38, 112]
83 [3, 39, 92, 130]
84 [47, 58, 94]
85 [5, 38, 112]
86 [34, 78, 90, 102, 107]
87 [7, 81]
88 [23, 70, 134, 135]
89 [11, 74]
90 [27, 86, 111, 122]
91 [36, 52]
92 [51, 83]
93 [65, 66]
94 [38, 84, 129]
95 [34, 36, 146]
96 [5, 12]
97 [1, 63]
98 [53, 56, 137]
99 [24, 51]
100 [50, 56]
101 [25, 44, 123]
102 [36, 86]
103 [34, 38]
104 [45, 51]
105 [23, 59]
106 [18, 66, 118]
107 [49, 86]
108 [63, 74]
109 [1, 51]
110 [22, 65]
111 [80, 90, 128]
112 [82, 85]
113 [11, 69]
114 [1, 69]
115 [57, 69]
116 [62, 70]
117 [14, 52]
118 [19, 106, 141]
119 [62, 72, 134]
120 [20, 53, 141, 142]
121 [38, 45]
122 [79, 90]
123 [45, 101]
124 [12, 42]
125 [66, 77]
126 [11, 21]
127 [5, 52]
128 [7, 111]
129 [50, 94]
130 [28, 83]
131 [9, 50]
132 [12, 74, 138]
133 [17, 23]
134 [88, 119]
135 [43, 88]
136 [3, 34]
137 [42, 98]
138 [18, 132]
139 [56, 66]
140 [44, 52]
141 [118, 120]
142 [35, 120]
143 [28, 45, 147]
144 [30, 45]
145 [8, 56]
146 [22, 95]
147 [35, 143]
148 [31, 53]
149 [9, 31]
