BA Model
Parameters:
- m0:20.0
- m:2.0

1 [49]
2 [15, 32, 33, 36, 56, 64, 88]
3 [39]
4 [29, 37, 70, 73]
5 [20]
6 [17]
7 [16, 25, 35, 45, 57, 61, 86]
8 [29, 40, 59]
9 [15, 17, 25, 30, 34, 40, 53, 55, 56, 60, 66, 81]
10 [54, 68]
11 [21, 27, 36, 39, 41, 43, 44, 47, 54, 61, 72, 78, 79]
12 [24, 26, 30, 75]
13 [57, 63, 64]
14 [16, 18, 19, 23, 24, 32, 35, 51, 70, 87, 91]
15 [2, 9, 18, 19, 26, 48, 55, 91]
16 [7, 14, 23, 52]
17 [6, 9, 21, 27, 28, 42, 51, 69, 78]
18 [14, 15, 22, 58, 72, 82]
19 [14, 15, 20, 22, 49, 84]
20 [5, 19, 31, 41]
21 [11, 17]
22 [18, 19, 47, 48, 53, 62, 65, 76]
23 [14, 16, 31, 50, 84]
24 [12, 14]
25 [7, 9]
26 [12, 15]
27 [11, 17, 28, 85]
28 [17, 27, 45, 50, 89, 94]
29 [4, 8]
30 [9, 12, 34, 38, 68, 90]
31 [20, 23, 33, 37, 38, 90]
32 [2, 14, 74]
33 [2, 31]
34 [9, 30, 66]
35 [7, 14, 43, 44, 46, 80, 85]
36 [2, 11, 42, 60]
37 [4, 31, 46, 69, 73, 75]
38 [30, 31, 81, 83, 93]
39 [3, 11, 76]
40 [8, 9]
41 [11, 20, 67, 74]
42 [17, 36, 63, 80]
43 [11, 35, 67]
44 [11, 35, 52]
45 [7, 28]
46 [35, 37]
47 [11, 22, 59, 79, 86]
48 [15, 22, 65]
49 [1, 19, 92]
50 [23, 28]
51 [14, 17]
52 [16, 44, 62, 88]
53 [9, 22]
54 [10, 11]
55 [9, 15]
56 [2, 9, 58, 71, 77, 93]
57 [7, 13]
58 [18, 56]
59 [8, 47]
60 [9, 36, 87]
61 [7, 11]
62 [22, 52]
63 [13, 42]
64 [2, 13, 71]
65 [22, 48, 77]
66 [9, 34]
67 [41, 43]
68 [10, 30]
69 [17, 37]
70 [4, 14]
71 [56, 64]
72 [11, 18]
73 [4, 37]
74 [32, 41]
75 [12, 37]
76 [22, 39]
77 [56, 65]
78 [11, 17, 94]
79 [11, 47, 83]
80 [35, 42, 82]
81 [9, 38]
82 [18, 80]
83 [38, 79]
84 [19, 23]
85 [27, 35, 92]
86 [7, 47]
87 [14, 60, 89]
88 [2, 52]
89 [28, 87]
90 [30, 31]
91 [14, 15]
92 [49, 85]
93 [38, 56]
94 [28, 78]
