BA Model
Parameters:
- m0:20.0
- m:2.0

1 [16]
2 [19, 40, 43]
3 [26, 32]
4 [35]
5 [24, 39]
6 [24, 27, 30, 38, 41]
7 [15, 18, 20, 23, 39]
8 [14]
9 [25]
10 [14]
11 [34]
12 [19, 30, 43]
13 [25]
14 [8, 10, 15, 16, 22, 26, 29, 35]
15 [7, 14, 17]
16 [1, 14, 17, 18, 20, 21, 31]
17 [15, 16]
18 [7, 16, 21]
19 [2, 12, 33]
20 [7, 16, 22, 23, 28, 29, 32, 37, 40]
21 [16, 18, 31]
22 [14, 20, 27]
23 [7, 20]
24 [5, 6, 36]
25 [9, 13, 28, 33, 34, 37]
26 [3, 14]
27 [6, 22]
28 [20, 25]
29 [14, 20]
30 [6, 12, 38]
31 [16, 21, 41, 42]
32 [3, 20]
33 [19, 25]
34 [11, 25]
35 [4, 14, 36]
36 [24, 35]
37 [20, 25]
38 [6, 30]
39 [5, 7]
40 [2, 20, 42]
41 [6, 31]
42 [31, 40]
43 [2, 12]
