BA Model
Parameters:
- m0:20.0
- m:2.0

1 [73, 82, 86]
2 [39, 65, 70]
3 [25, 39, 48, 67]
4 [24, 27, 34]
5 [22, 30, 91]
6 [66, 81]
7 [21, 22, 28, 35, 51, 52, 56, 60, 63, 64, 68, 71, 87, 99]
8 [20, 43]
9 [87, 92]
10 [30, 55]
11 [26, 62]
12 [37]
13 [21, 28]
14 [79]
15 [32, 38, 67, 72]
16 [20, 24, 31, 34, 49, 66, 75]
17 [38, 97]
18 [58, 71]
19 [54]
20 [8, 16, 23, 27, 32, 48, 50, 54, 62, 81]
21 [7, 13, 23, 59]
22 [5, 7, 29, 36, 40, 60, 64, 69, 74, 76, 93]
23 [20, 21, 26, 36, 79]
24 [4, 16, 25, 33, 37, 45, 56, 84]
25 [3, 24]
26 [11, 23, 29, 33, 43, 57, 98]
27 [4, 20, 42, 46, 47]
28 [7, 13, 31]
29 [22, 26, 59]
30 [5, 10, 42, 89, 96]
31 [16, 28, 49, 90, 97]
32 [15, 20, 85]
33 [24, 26, 90]
34 [4, 16, 35, 40, 41, 61, 63, 69, 80]
35 [7, 34]
36 [22, 23, 41, 44, 51, 93]
37 [12, 24, 65]
38 [15, 17, 58]
39 [2, 3, 45, 52, 57]
40 [22, 34, 46]
41 [34, 36]
42 [27, 30, 44, 47, 88, 96]
43 [8, 26, 50, 72]
44 [36, 42]
45 [24, 39]
46 [27, 40, 70, 78, 80]
47 [27, 42]
48 [3, 20, 53, 68]
49 [16, 31]
50 [20, 43]
51 [7, 36]
52 [7, 39, 53]
53 [48, 52, 55]
54 [19, 20]
55 [10, 53, 61]
56 [7, 24, 74, 78, 91, 94, 95, 99]
57 [26, 39, 77, 86]
58 [18, 38, 73]
59 [21, 29, 84, 95]
60 [7, 22, 85]
61 [34, 55]
62 [11, 20]
63 [7, 34]
64 [7, 22, 77]
65 [2, 37, 83]
66 [6, 16]
67 [3, 15]
68 [7, 48, 76]
69 [22, 34]
70 [2, 46, 75, 88]
71 [7, 18, 94]
72 [15, 43]
73 [1, 58]
74 [22, 56]
75 [16, 70]
76 [22, 68, 82]
77 [57, 64]
78 [46, 56, 89]
79 [14, 23]
80 [34, 46]
81 [6, 20]
82 [1, 76, 83]
83 [65, 82]
84 [24, 59]
85 [32, 60]
86 [1, 57]
87 [7, 9]
88 [42, 70, 92, 98]
89 [30, 78]
90 [31, 33]
91 [5, 56]
92 [9, 88]
93 [22, 36]
94 [56, 71]
95 [56, 59]
96 [30, 42]
97 [17, 31]
98 [26, 88]
99 [7, 56]
