BA Model
Parameters:
- m0:20.0
- m:2.0

1 [14, 15, 64, 67, 78]
2 [19, 60, 70, 77]
3 [80]
4 [12]
5 [20, 52, 53]
6 [14, 28, 72]
7 [42]
8 [13]
9 [15, 16, 18, 21, 40, 82]
10 [13, 46]
11 [12, 16, 17, 19, 21, 23, 25, 26, 34, 42, 54, 57]
12 [4, 11, 25, 27, 31, 55, 62, 64, 68]
13 [8, 10, 17, 22, 23, 29, 32, 39, 43, 49, 76, 80]
14 [1, 6, 20, 50]
15 [1, 9, 18, 33, 85, 87]
16 [9, 11]
17 [11, 13]
18 [9, 15, 48]
19 [2, 11, 24, 30, 46]
20 [5, 14, 37, 45]
21 [9, 11, 22, 24, 29, 35, 36, 40, 41, 69]
22 [13, 21, 26, 28, 34, 35, 36, 38, 41, 44, 51, 56, 79, 81]
23 [11, 13, 48, 75]
24 [19, 21, 37]
25 [11, 12, 30, 85]
26 [11, 22, 27, 32, 33, 52, 63, 82, 88]
27 [12, 26, 31]
28 [6, 22, 38]
29 [13, 21, 58, 59, 60, 81, 84]
30 [19, 25, 49, 71]
31 [12, 27, 43, 71, 79]
32 [13, 26]
33 [15, 26]
34 [11, 22, 45, 53, 57, 62, 67, 83, 86]
35 [21, 22]
36 [21, 22]
37 [20, 24, 84]
38 [22, 28, 39, 47, 73]
39 [13, 38, 55, 59, 73, 74]
40 [9, 21]
41 [21, 22, 44, 54, 61, 72]
42 [7, 11, 89]
43 [13, 31, 47]
44 [22, 41]
45 [20, 34, 50, 91]
46 [10, 19, 83]
47 [38, 43, 65, 66, 88]
48 [18, 23, 51]
49 [13, 30, 61]
50 [14, 45, 69]
51 [22, 48]
52 [5, 26, 56]
53 [5, 34]
54 [11, 41]
55 [12, 39, 63, 91]
56 [22, 52, 58, 90]
57 [11, 34, 74]
58 [29, 56]
59 [29, 39]
60 [2, 29, 66]
61 [41, 49, 65, 70, 86]
62 [12, 34, 68]
63 [26, 55]
64 [1, 12]
65 [47, 61]
66 [47, 60, 78]
67 [1, 34]
68 [12, 62, 76, 77, 87]
69 [21, 50]
70 [2, 61]
71 [30, 31]
72 [6, 41, 75]
73 [38, 39]
74 [39, 57]
75 [23, 72]
76 [13, 68]
77 [2, 68]
78 [1, 66]
79 [22, 31]
80 [3, 13, 89]
81 [22, 29]
82 [9, 26]
83 [34, 46]
84 [29, 37]
85 [15, 25]
86 [34, 61]
87 [15, 68]
88 [26, 47, 90]
89 [42, 80]
90 [56, 88]
91 [45, 55]
