BA Model
Parameters:
- m0:20.0
- m:2.0

1 [13, 19, 26, 30, 31, 38]
2 [12, 24, 37]
3 [11, 17, 21, 34]
4 [24, 29]
5 [35, 39]
6 [15]
7 [18, 22]
8 [12, 18, 21, 25, 29, 33]
9 [23]
10 [11, 13, 15, 16, 17, 28, 30]
11 [3, 10, 14, 16, 25, 28]
12 [2, 8, 26, 32]
13 [1, 10, 14, 35]
14 [11, 13, 34]
15 [6, 10, 19, 20, 27]
16 [10, 11]
17 [3, 10, 27]
18 [7, 8]
19 [1, 15, 20]
20 [15, 19, 23, 32]
21 [3, 8, 22, 31, 36]
22 [7, 21]
23 [9, 20]
24 [2, 4]
25 [8, 11]
26 [1, 12]
27 [15, 17]
28 [10, 11, 33, 39]
29 [4, 8]
30 [1, 10, 37, 40]
31 [1, 21]
32 [12, 20]
33 [8, 28]
34 [3, 14, 38]
35 [5, 13, 36]
36 [21, 35, 40]
37 [2, 30]
38 [1, 34]
39 [5, 28]
40 [30, 36]
