BA Model
Parameters:
- m0:20.0
- m:2.0

1 [17, 19, 20, 24, 25, 30, 42, 53, 57, 102, 117, 123, 136]
2 [29, 81, 142]
3 [22, 27, 35, 82]
4 [22]
5 [25, 76, 105, 129, 141]
6 [19, 51, 52, 65, 79, 107, 135]
7 [120]
8 [59, 141]
9 [26, 41, 54, 56, 80, 106, 132]
10 [35, 52, 65, 89, 136]
11 [17, 20, 51, 69, 75, 87, 114, 132]
12 [18, 28, 61]
13 [99, 121]
14 [130]
15 [29, 32, 39, 40, 45, 64, 103]
16 [21, 23, 31, 61, 67, 142]
17 [1, 11, 18, 21, 28, 49, 112]
18 [12, 17, 23, 38, 54, 70, 96, 119]
19 [1, 6, 47]
20 [1, 11, 30, 33, 34, 38, 89, 108]
21 [16, 17, 26, 27, 34, 39, 63, 67, 101, 105, 116, 140]
22 [3, 4, 24, 85, 118]
23 [16, 18, 33, 88, 128]
24 [1, 22, 36, 42, 59, 64, 76, 128]
25 [1, 5, 31, 36, 37, 43, 100]
26 [9, 21]
27 [3, 21, 46, 82, 84, 129]
28 [12, 17, 41, 44, 66, 95, 125]
29 [2, 15, 32, 50, 56, 81, 85, 120]
30 [1, 20, 37, 48, 66, 77, 84, 92, 106, 109, 126, 130]
31 [16, 25, 88]
32 [15, 29, 73, 104]
33 [20, 23, 40, 48, 53, 107, 116]
34 [20, 21, 72]
35 [3, 10, 49, 78, 97]
36 [24, 25, 43, 44, 57]
37 [25, 30, 55, 119]
38 [18, 20, 90, 135]
39 [15, 21, 92]
40 [15, 33, 71]
41 [9, 28]
42 [1, 24, 46, 50]
43 [25, 36]
44 [28, 36, 45, 47, 55, 58, 60, 62, 73, 74, 75, 77, 99, 102, 124, 137]
45 [15, 44]
46 [27, 42]
47 [19, 44, 108]
48 [30, 33, 68]
49 [17, 35, 79, 91, 117]
50 [29, 42, 58, 68, 70, 124, 125]
51 [6, 11, 71]
52 [6, 10]
53 [1, 33, 62, 72]
54 [9, 18, 60]
55 [37, 44]
56 [9, 29]
57 [1, 36]
58 [44, 50, 63, 93, 143]
59 [8, 24, 83, 100, 115, 131]
60 [44, 54, 80, 86, 95, 98, 109, 123, 131]
61 [12, 16, 86, 112]
62 [44, 53]
63 [21, 58, 93]
64 [15, 24]
65 [6, 10, 69, 78, 94, 104, 133]
66 [28, 30, 74, 127, 139]
67 [16, 21]
68 [48, 50, 146]
69 [11, 65, 96]
70 [18, 50]
71 [40, 51, 83, 103]
72 [34, 53]
73 [32, 44, 121]
74 [44, 66, 90]
75 [11, 44, 110]
76 [5, 24, 87]
77 [30, 44]
78 [35, 65, 122, 126]
79 [6, 49]
80 [9, 60]
81 [2, 29]
82 [3, 27, 91, 98, 115]
83 [59, 71, 127]
84 [27, 30]
85 [22, 29]
86 [60, 61, 111, 118]
87 [11, 76, 145]
88 [23, 31, 110]
89 [10, 20, 94, 139]
90 [38, 74]
91 [49, 82, 113]
92 [30, 39]
93 [58, 63, 97, 101]
94 [65, 89]
95 [28, 60, 143]
96 [18, 69]
97 [35, 93]
98 [60, 82]
99 [13, 44]
100 [25, 59]
101 [21, 93, 111]
102 [1, 44, 113]
103 [15, 71]
104 [32, 65]
105 [5, 21, 145]
106 [9, 30, 134]
107 [6, 33, 144]
108 [20, 47, 114, 133, 134, 137, 138]
109 [30, 60]
110 [75, 88]
111 [86, 101]
112 [17, 61]
113 [91, 102, 140, 146]
114 [11, 108, 138]
115 [59, 82]
116 [21, 33]
117 [1, 49]
118 [22, 86]
119 [18, 37]
120 [7, 29, 122]
121 [13, 73]
122 [78, 120]
123 [1, 60]
124 [44, 50]
125 [28, 50]
126 [30, 78]
127 [66, 83]
128 [23, 24]
129 [5, 27]
130 [14, 30, 144]
131 [59, 60]
132 [9, 11]
133 [65, 108]
134 [106, 108]
135 [6, 38]
136 [1, 10]
137 [44, 108]
138 [108, 114]
139 [66, 89]
140 [21, 113]
141 [5, 8]
142 [2, 16]
143 [58, 95]
144 [107, 130]
145 [87, 105]
146 [68, 113]
