BA Model
Parameters:
- m0:20.0
- m:2.0

1 [19, 23, 29, 41, 46, 104]
2 [19, 24, 34, 131, 145]
3 [22]
4 [18, 30, 57, 62, 66, 98, 108, 120, 124, 143]
5 [38, 46, 120]
6 [32, 36]
7 [35, 47, 90, 147]
8 [27]
9 [29, 65]
10 [21, 26, 28, 44, 56, 100]
11 [65, 127]
12 [92, 144]
13 [20]
14 [31, 122]
15 [25, 79, 107, 119]
16 [18, 22, 24, 39, 47, 52, 60, 61, 67, 134, 135]
17 [23, 27, 81]
18 [4, 16, 20, 31, 37, 54, 59, 82, 92, 130]
19 [1, 2, 69]
20 [13, 18, 21, 25, 26, 28, 32, 44, 45, 60, 73, 90, 99, 110, 147]
21 [10, 20, 95, 103, 117]
22 [3, 16, 116]
23 [1, 17, 51, 55, 62, 63]
24 [2, 16, 35, 50, 98]
25 [15, 20, 50, 63]
26 [10, 20, 36, 88, 89, 101]
27 [8, 17, 38, 39, 43, 53]
28 [10, 20, 33, 53, 83, 91, 139]
29 [1, 9, 30, 34, 41, 82, 97]
30 [4, 29]
31 [14, 18, 48, 75, 76]
32 [6, 20, 33, 86, 136]
33 [28, 32, 55, 61, 80, 121]
34 [2, 29, 42, 93]
35 [7, 24, 40, 42, 45, 51, 76, 84, 105, 126]
36 [6, 26, 37, 40, 58, 71, 114]
37 [18, 36, 70, 72, 131]
38 [5, 27, 49, 54, 56, 57, 83, 110, 129, 142]
39 [16, 27, 43]
40 [35, 36]
41 [1, 29, 103]
42 [34, 35, 80, 81, 116, 125]
43 [27, 39, 77, 102]
44 [10, 20, 49, 74]
45 [20, 35, 58]
46 [1, 5, 48]
47 [7, 16]
48 [31, 46, 66, 70, 75, 95]
49 [38, 44, 52, 84, 119]
50 [24, 25]
51 [23, 35, 68]
52 [16, 49, 67, 73, 117, 143]
53 [27, 28]
54 [18, 38, 78, 115, 138]
55 [23, 33, 138]
56 [10, 38, 59, 64]
57 [4, 38, 72, 112, 122]
58 [36, 45, 71, 79, 85, 141]
59 [18, 56, 134]
60 [16, 20, 121]
61 [16, 33, 74, 136]
62 [4, 23]
63 [23, 25, 64, 144]
64 [56, 63]
65 [9, 11, 77]
66 [4, 48]
67 [16, 52, 68, 69, 78, 107]
68 [51, 67, 111]
69 [19, 67, 93, 101]
70 [37, 48]
71 [36, 58, 94]
72 [37, 57, 96]
73 [20, 52, 118, 129]
74 [44, 61]
75 [31, 48]
76 [31, 35, 87, 133]
77 [43, 65, 114]
78 [54, 67, 88, 89, 91, 102, 106, 112, 113, 123, 126, 145]
79 [15, 58, 94, 105, 127, 132]
80 [33, 42, 99]
81 [17, 42, 86, 87, 128]
82 [18, 29, 96]
83 [28, 38, 85, 97]
84 [35, 49]
85 [58, 83, 115]
86 [32, 81, 104]
87 [76, 81, 118]
88 [26, 78]
89 [26, 78]
90 [7, 20]
91 [28, 78]
92 [12, 18, 111, 146]
93 [34, 69, 125, 146]
94 [71, 79]
95 [21, 48]
96 [72, 82, 128]
97 [29, 83, 100]
98 [4, 24, 106]
99 [20, 80, 109]
100 [10, 97]
101 [26, 69, 108]
102 [43, 78]
103 [21, 41]
104 [1, 86]
105 [35, 79]
106 [78, 98]
107 [15, 67]
108 [4, 101, 109]
109 [99, 108]
110 [20, 38]
111 [68, 92, 113]
112 [57, 78, 137]
113 [78, 111, 123]
114 [36, 77, 124]
115 [54, 85]
116 [22, 42]
117 [21, 52]
118 [73, 87, 130]
119 [15, 49]
120 [4, 5, 133]
121 [33, 60]
122 [14, 57, 142]
123 [78, 113, 132]
124 [4, 114, 135, 140]
125 [42, 93]
126 [35, 78, 141]
127 [11, 79]
128 [81, 96, 137]
129 [38, 73, 140]
130 [18, 118]
131 [2, 37]
132 [79, 123]
133 [76, 120]
134 [16, 59]
135 [16, 124]
136 [32, 61]
137 [112, 128]
138 [54, 55, 139]
139 [28, 138]
140 [124, 129]
141 [58, 126]
142 [38, 122]
143 [4, 52]
144 [12, 63]
145 [2, 78]
146 [92, 93]
147 [7, 20]
