BA Model
Parameters:
- m0:20.0
- m:2.0

1 [19, 21, 64]
2 [18, 22]
3 [55, 71]
4 [25, 29, 31, 47, 76, 80]
5 [21, 22, 28, 30, 41, 59, 61, 65, 79, 86]
6 [23, 26, 36]
7 [29, 42]
8 [18, 34, 43, 45, 67, 83]
9 [39, 41, 58, 70, 78]
10 [27]
11 [33, 54, 75]
12 [23, 31]
13 [20, 24, 32, 53, 66, 73]
14 [17, 24, 73, 90]
15 [17, 20]
16 [19, 26, 30, 49, 53]
17 [14, 15, 37]
18 [2, 8, 79]
19 [1, 16]
20 [13, 15, 34, 39, 50, 60, 89]
21 [1, 5, 38, 51]
22 [2, 5]
23 [6, 12, 25, 46]
24 [13, 14, 28, 84]
25 [4, 23, 33, 46, 75]
26 [6, 16, 27, 35, 55, 76, 80]
27 [10, 26, 91]
28 [5, 24, 42, 71]
29 [4, 7, 32, 36, 44, 69]
30 [5, 16, 35, 37, 38, 65]
31 [4, 12, 45]
32 [13, 29, 83]
33 [11, 25, 48]
34 [8, 20, 48, 51, 63]
35 [26, 30, 56, 58]
36 [6, 29]
37 [17, 30, 40, 90, 92]
38 [21, 30, 40, 59]
39 [9, 20, 50, 68]
40 [37, 38, 52]
41 [5, 9, 43, 95]
42 [7, 28, 47, 62]
43 [8, 41, 44, 57, 69, 77, 82, 88]
44 [29, 43, 49, 52, 60, 63, 74, 81]
45 [8, 31, 64]
46 [23, 25]
47 [4, 42, 54, 56, 72, 85, 92]
48 [33, 34, 72]
49 [16, 44, 85]
50 [20, 39, 57, 91]
51 [21, 34]
52 [40, 44]
53 [13, 16, 62]
54 [11, 47, 70]
55 [3, 26]
56 [35, 47]
57 [43, 50, 61, 77]
58 [9, 35]
59 [5, 38]
60 [20, 44]
61 [5, 57, 68]
62 [42, 53, 66]
63 [34, 44]
64 [1, 45]
65 [5, 30, 87]
66 [13, 62, 67, 74, 93]
67 [8, 66]
68 [39, 61]
69 [29, 43]
70 [9, 54]
71 [3, 28, 96]
72 [47, 48, 86]
73 [13, 14]
74 [44, 66]
75 [11, 25, 82, 94]
76 [4, 26]
77 [43, 57, 78, 81, 84]
78 [9, 77, 96]
79 [5, 18]
80 [4, 26]
81 [44, 77]
82 [43, 75, 93]
83 [8, 32]
84 [24, 77, 87]
85 [47, 49]
86 [5, 72, 88]
87 [65, 84, 89]
88 [43, 86]
89 [20, 87, 94, 95]
90 [14, 37]
91 [27, 50]
92 [37, 47]
93 [66, 82]
94 [75, 89]
95 [41, 89]
96 [71, 78]
