BA Model
Parameters:
- m0:20.0
- m:2.0

1 [17, 20, 32, 42]
2 [23, 30, 32, 35, 89]
3 [26, 34, 41, 45, 49, 52, 82]
4 [47]
5 [20, 22, 25, 27, 56, 75]
6 [37, 42, 71]
7 [30]
8 [19, 22, 49, 51, 83, 95]
9 [31, 68, 70, 83, 94]
10 [43]
11 [21, 56, 66]
12 [18, 19, 24]
13 [35]
14 [46]
15 [25, 36, 39, 50, 54, 63]
16 [17, 18, 37, 60, 76, 81]
17 [1, 16, 23, 24, 28, 33, 38, 40, 48, 57, 64, 73, 89, 92]
18 [12, 16, 27, 33, 55]
19 [8, 12, 21, 26, 34, 53, 59, 68]
20 [1, 5, 28, 39, 47, 63, 72]
21 [11, 19, 48, 78]
22 [5, 8, 29, 53, 93]
23 [2, 17, 44, 77, 85]
24 [12, 17, 29, 36, 38, 45, 46, 60, 61, 75, 78, 79]
25 [5, 15]
26 [3, 19, 31]
27 [5, 18, 65]
28 [17, 20, 90, 93, 94]
29 [22, 24, 67, 84]
30 [2, 7, 57, 80]
31 [9, 26]
32 [1, 2, 64, 67]
33 [17, 18, 44, 51, 52, 84]
34 [3, 19, 40, 55, 58]
35 [2, 13]
36 [15, 24, 87]
37 [6, 16]
38 [17, 24, 41, 71, 82, 91]
39 [15, 20, 43, 62]
40 [17, 34]
41 [3, 38, 76]
42 [1, 6, 96]
43 [10, 39, 81]
44 [23, 33]
45 [3, 24, 66, 72]
46 [14, 24]
47 [4, 20]
48 [17, 21, 50, 54, 58, 62, 73, 90]
49 [3, 8, 70, 77]
50 [15, 48]
51 [8, 33]
52 [3, 33, 86]
53 [19, 22, 59]
54 [15, 48, 74, 87]
55 [18, 34, 65]
56 [5, 11]
57 [17, 30, 61]
58 [34, 48, 69]
59 [19, 53, 88]
60 [16, 24, 74]
61 [24, 57, 96]
62 [39, 48]
63 [15, 20, 69, 85]
64 [17, 32]
65 [27, 55]
66 [11, 45, 79, 95]
67 [29, 32]
68 [9, 19]
69 [58, 63]
70 [9, 49]
71 [6, 38, 86]
72 [20, 45]
73 [17, 48]
74 [54, 60, 88]
75 [5, 24, 80, 92]
76 [16, 41]
77 [23, 49]
78 [21, 24]
79 [24, 66]
80 [30, 75, 91]
81 [16, 43]
82 [3, 38]
83 [8, 9]
84 [29, 33]
85 [23, 63]
86 [52, 71]
87 [36, 54]
88 [59, 74]
89 [2, 17]
90 [28, 48]
91 [38, 80]
92 [17, 75]
93 [22, 28]
94 [9, 28]
95 [8, 66]
96 [42, 61]
