BA Model
Parameters:
- m0:20.0
- m:2.0

1 [26, 28, 44, 107, 125]
2 [81, 136]
3 [16, 17, 24, 29]
4 [48]
5 [68, 78, 85]
6 [17, 30, 31, 32, 59, 64, 92, 128]
7 [21]
8 [23, 29, 36, 39, 120, 137]
9 [38, 44, 80]
10 [16, 19, 46, 49, 60, 118, 122]
11 [18, 27, 28, 39, 47, 51, 54, 58, 61, 86, 91, 119, 122]
12 [20, 41, 96, 138]
13 [24, 38, 49, 57, 110]
14 [37, 52, 53, 55, 106, 111]
15 [18, 19, 25, 34, 40, 63, 69, 75, 97, 114, 130]
16 [3, 10, 20, 21, 27, 35, 60, 61, 83]
17 [3, 6, 65]
18 [11, 15, 23, 25, 35, 66, 84, 93, 96, 100, 140]
19 [10, 15, 22, 30, 34, 53, 56, 70, 76, 84, 103, 107, 115, 133]
20 [12, 16, 33, 83, 114, 136]
21 [7, 16, 22, 26, 42, 43, 46, 52, 55, 56, 59, 77, 80, 86, 90, 94, 100, 109, 117, 128, 138]
22 [19, 21, 40]
23 [8, 18, 68, 73, 77, 126]
24 [3, 13, 74, 95, 118, 140]
25 [15, 18, 106, 108, 132]
26 [1, 21, 33, 69, 90]
27 [11, 16, 76, 104]
28 [1, 11, 42, 94, 104]
29 [3, 8, 93, 102]
30 [6, 19, 31, 36, 71, 119, 142]
31 [6, 30, 32, 37, 43, 62, 75, 89]
32 [6, 31, 95, 103]
33 [20, 26]
34 [15, 19, 50, 70]
35 [16, 18, 64]
36 [8, 30, 41, 135]
37 [14, 31, 92, 113, 144]
38 [9, 13, 54, 72, 87, 141]
39 [8, 11]
40 [15, 22, 45, 47]
41 [12, 36, 50, 57, 63, 72, 98]
42 [21, 28, 102, 124, 135]
43 [21, 31, 45, 48]
44 [1, 9]
45 [40, 43, 111]
46 [10, 21, 51, 62, 85, 105, 141]
47 [11, 40, 112, 130]
48 [4, 43, 88]
49 [10, 13, 66]
50 [34, 41]
51 [11, 46, 144]
52 [14, 21, 87]
53 [14, 19, 123]
54 [11, 38, 121]
55 [14, 21, 79, 121]
56 [19, 21, 82, 116, 123]
57 [13, 41, 58, 67, 71, 73]
58 [11, 57, 98, 124, 139]
59 [6, 21]
60 [10, 16, 115, 131]
61 [11, 16, 145]
62 [31, 46, 97]
63 [15, 41, 67]
64 [6, 35, 65, 89]
65 [17, 64, 133]
66 [18, 49, 110]
67 [57, 63]
68 [5, 23, 99, 101]
69 [15, 26, 134]
70 [19, 34, 78, 82]
71 [30, 57, 88]
72 [38, 41, 74, 143]
73 [23, 57, 105]
74 [24, 72, 112]
75 [15, 31, 137]
76 [19, 27, 79, 81]
77 [21, 23]
78 [5, 70]
79 [55, 76]
80 [9, 21, 127]
81 [2, 76]
82 [56, 70]
83 [16, 20, 132]
84 [18, 19, 116, 145]
85 [5, 46]
86 [11, 21]
87 [38, 52, 143]
88 [48, 71, 101, 134]
89 [31, 64, 91, 109, 131, 142]
90 [21, 26]
91 [11, 89, 99]
92 [6, 37]
93 [18, 29, 117]
94 [21, 28]
95 [24, 32]
96 [12, 18]
97 [15, 62]
98 [41, 58]
99 [68, 91]
100 [18, 21, 126]
101 [68, 88]
102 [29, 42]
103 [19, 32]
104 [27, 28, 129]
105 [46, 73, 108, 129]
106 [14, 25]
107 [1, 19]
108 [25, 105]
109 [21, 89, 113]
110 [13, 66]
111 [14, 45]
112 [47, 74, 139]
113 [37, 109]
114 [15, 20, 120, 125, 127]
115 [19, 60]
116 [56, 84]
117 [21, 93]
118 [10, 24]
119 [11, 30]
120 [8, 114]
121 [54, 55]
122 [10, 11]
123 [53, 56]
124 [42, 58]
125 [1, 114]
126 [23, 100]
127 [80, 114]
128 [6, 21]
129 [104, 105]
130 [15, 47]
131 [60, 89]
132 [25, 83]
133 [19, 65]
134 [69, 88]
135 [36, 42]
136 [2, 20]
137 [8, 75]
138 [12, 21]
139 [58, 112]
140 [18, 24]
141 [38, 46]
142 [30, 89]
143 [72, 87]
144 [37, 51]
145 [61, 84]
