BA Model
Parameters:
- m0:20.0
- m:2.0

1 [12, 14]
2 [25]
3 [16]
4 [15, 20, 25]
5 [10, 11, 12, 13, 16, 18, 23, 34, 37]
6 [17, 28, 32]
7 [10, 14, 23, 32]
8 [20, 36]
9 [39]
10 [5, 7, 11, 18, 19]
11 [5, 10, 13, 19, 22, 28]
12 [1, 5, 15, 22]
13 [5, 11, 17, 29, 34]
14 [1, 7, 36]
15 [4, 12]
16 [3, 5]
17 [6, 13, 29]
18 [5, 10, 21, 31, 38]
19 [10, 11]
20 [4, 8, 21]
21 [18, 20, 24, 26]
22 [11, 12, 26, 27]
23 [5, 7, 24, 35]
24 [21, 23, 30, 33]
25 [2, 4, 27, 31, 33]
26 [21, 22]
27 [22, 25, 30]
28 [6, 11, 37]
29 [13, 17]
30 [24, 27, 35]
31 [18, 25, 38]
32 [6, 7]
33 [24, 25]
34 [5, 13]
35 [23, 30]
36 [8, 14, 39]
37 [5, 28]
38 [18, 31]
39 [9, 36]
