BA Model
Parameters:
- m0:20.0
- m:2.0

1 [19, 21, 23, 24, 38, 45, 68, 85, 96, 146]
2 [54]
3 [18, 31, 46, 62, 99]
4 [17, 18, 19, 29, 72, 87, 99]
5 [106]
6 [17, 43]
7 [59, 80]
8 [116]
9 [52]
10 [25, 31]
11 [20, 26, 35, 45, 73]
12 [78, 109, 141]
13 [35, 58, 118]
14 [74]
15 [20, 82, 101, 125, 142]
16 [28, 63]
17 [4, 6, 22, 23, 27, 30, 32, 33, 39, 44, 59, 61, 83, 90, 115]
18 [3, 4, 22, 25, 30, 32, 33, 34, 44, 48, 55, 57, 67, 88, 105, 119, 136]
19 [1, 4, 21, 24, 65, 81]
20 [11, 15, 26, 37, 105, 117, 135]
21 [1, 19, 41, 42, 51, 93, 94, 104, 132, 137]
22 [17, 18, 43, 58, 112, 134, 138]
23 [1, 17, 27, 34, 36, 38, 50, 64, 83, 86]
24 [1, 19, 28, 29, 52, 128, 132]
25 [10, 18, 47, 98]
26 [11, 20, 39, 41, 46, 47, 75, 121]
27 [17, 23, 51]
28 [16, 24, 42, 49, 50, 69, 81, 112, 115, 120, 122, 140]
29 [4, 24, 126]
30 [17, 18, 36, 78]
31 [3, 10, 110, 145]
32 [17, 18, 40, 61, 65, 66, 92, 117, 129, 138]
33 [17, 18, 57, 89]
34 [18, 23, 37, 64, 77]
35 [11, 13, 103, 106, 126]
36 [23, 30, 56, 75, 79, 102, 124, 143]
37 [20, 34, 70, 79, 91, 127]
38 [1, 23, 53, 67, 113]
39 [17, 26, 40, 107, 144]
40 [32, 39, 70, 76, 82]
41 [21, 26, 93]
42 [21, 28, 71, 87, 100]
43 [6, 22, 48, 54, 56, 60, 74, 111, 127, 139]
44 [17, 18, 49, 62, 66, 71, 84, 134]
45 [1, 11, 77]
46 [3, 26]
47 [25, 26, 84]
48 [18, 43, 53, 55, 129]
49 [28, 44, 72, 113, 121]
50 [23, 28, 92, 96]
51 [21, 27]
52 [9, 24, 109]
53 [38, 48, 60, 69, 130]
54 [2, 43, 95, 104, 144]
55 [18, 48, 108]
56 [36, 43, 68, 80]
57 [18, 33, 91]
58 [13, 22, 97]
59 [7, 17]
60 [43, 53, 63, 102]
61 [17, 32]
62 [3, 44]
63 [16, 60]
64 [23, 34]
65 [19, 32, 89]
66 [32, 44]
67 [18, 38, 73, 85, 90, 137]
68 [1, 56]
69 [28, 53, 110]
70 [37, 40, 136]
71 [42, 44, 76, 94]
72 [4, 49, 143]
73 [11, 67]
74 [14, 43, 97]
75 [26, 36]
76 [40, 71]
77 [34, 45, 100, 111]
78 [12, 30]
79 [36, 37, 86, 122]
80 [7, 56, 88, 128, 131, 135, 146]
81 [19, 28]
82 [15, 40, 145]
83 [17, 23]
84 [44, 47]
85 [1, 67, 123]
86 [23, 79, 101]
87 [4, 42]
88 [18, 80, 103, 114, 130]
89 [33, 65, 131]
90 [17, 67, 118]
91 [37, 57]
92 [32, 50]
93 [21, 41, 124]
94 [21, 71, 95]
95 [54, 94]
96 [1, 50, 98, 114]
97 [58, 74]
98 [25, 96, 108, 123, 139, 142]
99 [3, 4, 119]
100 [42, 77, 116, 120]
101 [15, 86, 125]
102 [36, 60]
103 [35, 88]
104 [21, 54]
105 [18, 20, 107, 133]
106 [5, 35]
107 [39, 105]
108 [55, 98]
109 [12, 52]
110 [31, 69]
111 [43, 77]
112 [22, 28]
113 [38, 49]
114 [88, 96]
115 [17, 28]
116 [8, 100]
117 [20, 32]
118 [13, 90]
119 [18, 99]
120 [28, 100]
121 [26, 49]
122 [28, 79]
123 [85, 98, 133, 140]
124 [36, 93]
125 [15, 101]
126 [29, 35]
127 [37, 43, 141]
128 [24, 80]
129 [32, 48]
130 [53, 88]
131 [80, 89]
132 [21, 24]
133 [105, 123]
134 [22, 44]
135 [20, 80]
136 [18, 70]
137 [21, 67]
138 [22, 32]
139 [43, 98]
140 [28, 123]
141 [12, 127]
142 [15, 98]
143 [36, 72]
144 [39, 54]
145 [31, 82]
146 [1, 80]
