BA Model
Parameters:
- m0:20.0
- m:2.0

1 [15, 21, 28]
2 [23, 24]
3 [29, 30, 42, 43]
4 [20, 44]
5 [18, 19, 36]
6 [22, 32, 38, 42]
7 [15, 26, 37]
8 [16, 18, 30]
9 [17, 29]
10 [35]
11 [16, 33]
12 [27]
13 [36, 44]
14 [41]
15 [1, 7, 17, 21, 24, 28, 39]
16 [8, 11, 20, 23, 31, 39]
17 [9, 15, 19, 43]
18 [5, 8, 26, 27]
19 [5, 17]
20 [4, 16, 22, 38]
21 [1, 15, 25]
22 [6, 20, 35]
23 [2, 16, 37]
24 [2, 15, 25]
25 [21, 24]
26 [7, 18, 34]
27 [12, 18, 32, 40]
28 [1, 15, 31, 33, 40]
29 [3, 9]
30 [3, 8, 41]
31 [16, 28]
32 [6, 27, 34]
33 [11, 28]
34 [26, 32]
35 [10, 22]
36 [5, 13]
37 [7, 23]
38 [6, 20]
39 [15, 16]
40 [27, 28]
41 [14, 30]
42 [3, 6]
43 [3, 17]
44 [4, 13]
