BA Model
Parameters:
- m0:20.0
- m:2.0

1 [66]
2 [17, 27, 39, 52, 62]
3 [18]
4 [34, 69]
5 [48, 60]
6 [17, 20, 27, 31, 44, 58]
7 [16, 77, 95]
8 [19, 23, 69, 70, 82]
9 [21, 44, 71, 83]
10 [16]
11 [51, 65]
12 [40, 57]
13 [33, 81, 89]
14 [19]
15 [47, 49, 71, 85]
16 [7, 10, 18, 20, 21, 25, 28, 30, 31, 32, 36, 45, 70, 94]
17 [2, 6, 36, 76]
18 [3, 16, 33, 40]
19 [8, 14, 22, 28, 35, 37, 56, 72, 89, 90, 95]
20 [6, 16, 22, 37, 43, 55, 56, 64, 80, 84]
21 [9, 16, 23, 24, 25, 26, 38, 57, 75, 81]
22 [19, 20, 24, 29, 46]
23 [8, 21, 26, 32, 54, 74, 79]
24 [21, 22, 68]
25 [16, 21, 38, 39, 53, 64, 87]
26 [21, 23, 34]
27 [2, 6, 29, 41, 42, 73, 83]
28 [16, 19, 30]
29 [22, 27, 66]
30 [16, 28, 41, 42, 47, 50, 61, 87]
31 [6, 16, 77]
32 [16, 23, 55, 91]
33 [13, 18]
34 [4, 26, 35, 74]
35 [19, 34, 82, 88]
36 [16, 17, 59, 61, 68]
37 [19, 20, 46]
38 [21, 25, 48, 54, 59]
39 [2, 25, 53, 63, 80, 91]
40 [12, 18]
41 [27, 30, 52]
42 [27, 30, 43]
43 [20, 42, 45, 51, 75]
44 [6, 9, 63, 72]
45 [16, 43, 50, 62, 67]
46 [22, 37]
47 [15, 30, 49]
48 [5, 38]
49 [15, 47]
50 [30, 45, 58, 60]
51 [11, 43]
52 [2, 41, 65]
53 [25, 39]
54 [23, 38]
55 [20, 32, 92]
56 [19, 20, 67, 94]
57 [12, 21, 73]
58 [6, 50]
59 [36, 38]
60 [5, 50, 76, 78, 85]
61 [30, 36, 84]
62 [2, 45]
63 [39, 44, 79]
64 [20, 25]
65 [11, 52]
66 [1, 29]
67 [45, 56]
68 [24, 36, 90]
69 [4, 8]
70 [8, 16]
71 [9, 15]
72 [19, 44]
73 [27, 57, 86]
74 [23, 34]
75 [21, 43]
76 [17, 60, 78, 86, 92]
77 [7, 31]
78 [60, 76]
79 [23, 63]
80 [20, 39]
81 [13, 21]
82 [8, 35]
83 [9, 27, 93]
84 [20, 61, 88]
85 [15, 60]
86 [73, 76, 93]
87 [25, 30]
88 [35, 84]
89 [13, 19]
90 [19, 68]
91 [32, 39]
92 [55, 76]
93 [83, 86]
94 [16, 56]
95 [7, 19]
