BA Model
Parameters:
- m0:20.0
- m:2.0

1 [40, 43]
2 [18, 19]
3 [14, 29, 36, 41]
4 [14, 19]
5 [15]
6 [40]
7 [20, 26]
8 [23]
9 [17]
10 [16]
11 [16]
12 [22, 25]
13 [15, 17, 33]
14 [3, 4, 26, 35, 38]
15 [5, 13, 21, 22, 27, 31, 32, 37, 41]
16 [10, 11, 20]
17 [9, 13, 18, 24, 32, 38]
18 [2, 17, 21, 24, 39]
19 [2, 4]
20 [7, 16, 25, 28, 30, 35]
21 [15, 18, 31]
22 [12, 15, 23, 42]
23 [8, 22, 27, 28, 36]
24 [17, 18, 29, 30, 34]
25 [12, 20, 33, 39]
26 [7, 14]
27 [15, 23]
28 [20, 23]
29 [3, 24, 43]
30 [20, 24]
31 [15, 21]
32 [15, 17, 34, 42]
33 [13, 25]
34 [24, 32]
35 [14, 20, 37]
36 [3, 23]
37 [15, 35]
38 [14, 17]
39 [18, 25]
40 [1, 6]
41 [3, 15]
42 [22, 32]
43 [1, 29]
