BA Model
Parameters:
- m0:20.0
- m:2.0

1 [34, 36]
2 [30, 45]
3 [44]
4 [18, 19, 20, 37, 39, 43]
5 [27]
6 [17, 18, 19, 26, 27, 33, 40, 43]
7 [16, 31, 41]
8 [20, 34]
9 [17, 37]
10 [22, 40]
11 [16, 21, 22, 35]
12 [29]
13 [28]
14 [30]
15 [21]
16 [7, 11, 23, 26]
17 [6, 9, 39]
18 [4, 6, 24, 33]
19 [4, 6, 28, 41]
20 [4, 8, 25]
21 [11, 15, 32, 35, 42]
22 [10, 11, 23, 24, 38]
23 [16, 22, 31]
24 [18, 22, 25, 29]
25 [20, 24]
26 [6, 16]
27 [5, 6]
28 [13, 19]
29 [12, 24, 32, 36, 38, 42]
30 [2, 14]
31 [7, 23]
32 [21, 29]
33 [6, 18]
34 [1, 8, 44]
35 [11, 21, 45]
36 [1, 29]
37 [4, 9]
38 [22, 29]
39 [4, 17]
40 [6, 10]
41 [7, 19]
42 [21, 29]
43 [4, 6]
44 [3, 34]
45 [2, 35]
