BA Model
Parameters:
- m0:20.0
- m:2.0

1 [33, 38]
2 [15, 25]
3 [18]
4 [19, 35, 40]
5 [16]
6 [22, 24, 27, 29]
7 [15, 36, 43]
8 [14, 17, 21, 26]
9 [14, 18, 20]
10 [16, 23]
11 [31]
12 [26]
13 [17]
14 [8, 9, 20, 23, 25, 32, 34, 39, 43]
15 [2, 7]
16 [5, 10, 22, 28, 31]
17 [8, 13, 38]
18 [3, 9, 19, 24, 29, 30, 37]
19 [4, 18, 21, 28, 30, 36]
20 [9, 14, 32]
21 [8, 19]
22 [6, 16]
23 [10, 14, 27, 41]
24 [6, 18]
25 [2, 14]
26 [8, 12]
27 [6, 23, 34]
28 [16, 19, 42]
29 [6, 18]
30 [18, 19]
31 [11, 16, 35]
32 [14, 20, 33, 37, 39]
33 [1, 32]
34 [14, 27, 41]
35 [4, 31, 42]
36 [7, 19, 40]
37 [18, 32]
38 [1, 17]
39 [14, 32]
40 [4, 36]
41 [23, 34]
42 [28, 35]
43 [7, 14]
