BA Model
Parameters:
- m0:20.0
- m:2.0

1 [16, 17, 23, 26, 27, 34, 42, 110]
2 [18, 22, 31, 33, 37, 104, 142]
3 [21, 35, 80, 84, 87, 135, 139]
4 [20, 29, 37, 64, 68]
5 [88, 126]
6 [18]
7 [25]
8 [16, 17, 28, 38, 43, 120]
9 [24, 36, 126]
10 [32, 58, 96]
11 [66, 144]
12 [71]
13 [19, 78]
14 [78, 83, 91]
15 [23, 30, 31, 41, 47, 50, 65, 86, 122, 123, 145]
16 [1, 8, 19, 21, 85, 142]
17 [1, 8, 22, 44, 67, 93]
18 [2, 6, 20, 29, 46, 54, 111, 116]
19 [13, 16, 74, 81, 111]
20 [4, 18, 51, 59, 97, 101, 127]
21 [3, 16, 24, 34, 42, 55, 75, 119, 125]
22 [2, 17, 27, 33, 45, 46, 70, 73, 97, 98, 129]
23 [1, 15, 25, 26, 47, 57, 75]
24 [9, 21, 52, 60, 67, 89, 107, 121, 137, 143]
25 [7, 23, 39, 72]
26 [1, 23, 40, 105]
27 [1, 22, 28, 30, 32, 69, 96]
28 [8, 27, 36, 99]
29 [4, 18, 45, 98, 115]
30 [15, 27, 35, 49, 51, 57, 106, 109, 128]
31 [2, 15, 91]
32 [10, 27, 68]
33 [2, 22, 38, 48, 62, 124, 127, 141]
34 [1, 21, 43, 60, 69, 87, 93, 116, 125]
35 [3, 30, 41, 72, 89, 132]
36 [9, 28, 39, 40, 48, 58, 76, 112]
37 [2, 4, 49, 56, 117]
38 [8, 33, 65, 66, 141]
39 [25, 36, 44, 64, 70]
40 [26, 36, 53]
41 [15, 35, 76]
42 [1, 21, 100]
43 [8, 34, 50, 113, 135]
44 [17, 39]
45 [22, 29, 56, 106]
46 [18, 22, 61, 118]
47 [15, 23, 54, 63, 73, 83, 101, 120, 140]
48 [33, 36, 52]
49 [30, 37]
50 [15, 43, 61, 79, 102, 103, 109, 136]
51 [20, 30, 55, 95]
52 [24, 48, 53, 95, 137]
53 [40, 52, 62, 92, 110, 117, 121]
54 [18, 47, 59, 88]
55 [21, 51, 90]
56 [37, 45, 114]
57 [23, 30, 63, 81, 124]
58 [10, 36, 80, 84, 119]
59 [20, 54, 86, 100, 115, 128]
60 [24, 34, 79, 94]
61 [46, 50, 77, 108]
62 [33, 53, 112]
63 [47, 57, 77]
64 [4, 39]
65 [15, 38, 85]
66 [11, 38]
67 [17, 24, 103, 131, 139]
68 [4, 32, 74]
69 [27, 34, 129]
70 [22, 39, 71, 133]
71 [12, 70]
72 [25, 35]
73 [22, 47, 145]
74 [19, 68, 94, 140]
75 [21, 23]
76 [36, 41, 136]
77 [61, 63, 104]
78 [13, 14, 82, 90, 92, 132]
79 [50, 60, 82, 123]
80 [3, 58, 118, 131]
81 [19, 57]
82 [78, 79, 105]
83 [14, 47]
84 [3, 58]
85 [16, 65]
86 [15, 59]
87 [3, 34]
88 [5, 54, 102, 107]
89 [24, 35, 114]
90 [55, 78]
91 [14, 31]
92 [53, 78, 138]
93 [17, 34, 99, 122, 134]
94 [60, 74]
95 [51, 52, 143]
96 [10, 27, 134]
97 [20, 22]
98 [22, 29]
99 [28, 93]
100 [42, 59]
101 [20, 47]
102 [50, 88]
103 [50, 67, 108]
104 [2, 77, 113]
105 [26, 82]
106 [30, 45]
107 [24, 88]
108 [61, 103]
109 [30, 50]
110 [1, 53]
111 [18, 19]
112 [36, 62]
113 [43, 104]
114 [56, 89, 133]
115 [29, 59]
116 [18, 34]
117 [37, 53]
118 [46, 80]
119 [21, 58, 130, 138]
120 [8, 47]
121 [24, 53]
122 [15, 93]
123 [15, 79]
124 [33, 57]
125 [21, 34]
126 [5, 9]
127 [20, 33, 130]
128 [30, 59, 144]
129 [22, 69]
130 [119, 127]
131 [67, 80]
132 [35, 78]
133 [70, 114]
134 [93, 96]
135 [3, 43]
136 [50, 76]
137 [24, 52]
138 [92, 119]
139 [3, 67]
140 [47, 74]
141 [33, 38]
142 [2, 16]
143 [24, 95]
144 [11, 128]
145 [15, 73]
