BA Model
Parameters:
- m0:20.0
- m:2.0

1 [21, 22, 39]
2 [20, 22, 27, 58, 97]
3 [49, 53, 55]
4 [53, 71]
5 [24]
6 [32]
7 [37, 95]
8 [23, 29, 35, 44, 75]
9 [30, 35]
10 [62]
11 [32]
12 [24]
13 [50, 67, 98]
14 [23, 63, 85, 88]
15 [19]
16 [77]
17 [21]
18 [19, 20, 26, 34, 41, 48]
19 [15, 18, 28, 48, 49]
20 [2, 18, 25, 26, 30, 37, 64, 74, 86, 95]
21 [1, 17, 25, 31, 38, 43, 44, 57, 70, 89, 93]
22 [1, 2, 33, 50, 61, 74]
23 [8, 14, 33, 36, 57, 58, 65, 82, 93]
24 [5, 12, 28, 31, 42, 51, 59]
25 [20, 21, 45, 47, 56, 79, 82]
26 [18, 20, 27, 29, 40, 55, 65, 70]
27 [2, 26, 36, 46, 59, 60, 81]
28 [19, 24]
29 [8, 26, 38, 42, 78, 92]
30 [9, 20, 40, 52, 94]
31 [21, 24, 67]
32 [6, 11, 34]
33 [22, 23, 68, 73, 83]
34 [18, 32, 84]
35 [8, 9, 46]
36 [23, 27, 43, 84, 92]
37 [7, 20, 45, 78, 90]
38 [21, 29, 39, 51, 52, 60, 64, 66, 76, 87, 96]
39 [1, 38]
40 [26, 30, 41]
41 [18, 40, 90]
42 [24, 29, 79, 85]
43 [21, 36]
44 [8, 21, 80]
45 [25, 37, 47, 56, 69, 72, 98]
46 [27, 35, 89]
47 [25, 45, 54, 61, 69]
48 [18, 19]
49 [3, 19]
50 [13, 22, 68]
51 [24, 38]
52 [30, 38]
53 [3, 4, 54, 62, 63]
54 [47, 53, 71]
55 [3, 26, 91]
56 [25, 45]
57 [21, 23, 66]
58 [2, 23]
59 [24, 27]
60 [27, 38]
61 [22, 47]
62 [10, 53, 81]
63 [14, 53, 72]
64 [20, 38, 96]
65 [23, 26, 73, 76, 80]
66 [38, 57, 75]
67 [13, 31]
68 [33, 50]
69 [45, 47]
70 [21, 26]
71 [4, 54]
72 [45, 63, 88]
73 [33, 65, 77]
74 [20, 22, 87]
75 [8, 66, 97]
76 [38, 65]
77 [16, 73]
78 [29, 37]
79 [25, 42]
80 [44, 65]
81 [27, 62, 83, 86, 94]
82 [23, 25]
83 [33, 81]
84 [34, 36]
85 [14, 42]
86 [20, 81]
87 [38, 74]
88 [14, 72]
89 [21, 46, 91]
90 [37, 41]
91 [55, 89]
92 [29, 36]
93 [21, 23]
94 [30, 81]
95 [7, 20]
96 [38, 64]
97 [2, 75]
98 [13, 45]
