BA Model
Parameters:
- m0:20.0
- m:2.0

1 [34, 83]
2 [21, 35, 65, 67, 80]
3 [13, 22, 26, 27, 43, 45, 59, 66, 72, 73]
4 [37, 41, 54, 75, 79, 84]
5 [43, 60]
6 [14, 20, 26]
7 [60]
8 [15, 16, 64, 68]
9 [20, 46, 81, 89]
10 [13, 15, 53]
11 [63, 67, 70]
12 [14]
13 [3, 10, 16, 19, 22, 32, 47, 71]
14 [6, 12, 27, 33, 51, 54, 55, 62]
15 [8, 10, 17, 34, 45]
16 [8, 13, 17, 18, 35, 58, 85]
17 [15, 16, 18, 19, 23, 24, 25, 29, 30, 33, 55, 64, 65, 91]
18 [16, 17, 21, 23, 25, 44, 57, 83]
19 [13, 17, 36, 56, 74, 78]
20 [6, 9, 28, 48]
21 [2, 18, 61]
22 [3, 13, 24, 73]
23 [17, 18, 28, 50, 68, 76, 77]
24 [17, 22, 56]
25 [17, 18, 31, 36]
26 [3, 6, 29, 37, 53, 62]
27 [3, 14]
28 [20, 23, 30, 32, 47, 52, 75, 79]
29 [17, 26, 31]
30 [17, 28, 38, 87, 88]
31 [25, 29, 41, 42]
32 [13, 28, 84]
33 [14, 17, 38]
34 [1, 15, 40, 42, 48, 49]
35 [2, 16, 39, 40, 91]
36 [19, 25]
37 [4, 26, 77, 92]
38 [30, 33, 39, 44, 78, 87]
39 [35, 38]
40 [34, 35, 50]
41 [4, 31]
42 [31, 34]
43 [3, 5, 46, 51, 70, 90]
44 [18, 38, 61, 72]
45 [3, 15, 58]
46 [9, 43, 52]
47 [13, 28, 49, 57, 69, 82]
48 [20, 34]
49 [34, 47, 63, 71, 81]
50 [23, 40]
51 [14, 43, 69, 74]
52 [28, 46]
53 [10, 26]
54 [4, 14]
55 [14, 17, 59]
56 [19, 24]
57 [18, 47, 80]
58 [16, 45, 66]
59 [3, 55]
60 [5, 7]
61 [21, 44]
62 [14, 26]
63 [11, 49]
64 [8, 17, 88]
65 [2, 17, 82]
66 [3, 58, 90]
67 [2, 11]
68 [8, 23]
69 [47, 51]
70 [11, 43]
71 [13, 49]
72 [3, 44]
73 [3, 22, 76, 85]
74 [19, 51]
75 [4, 28]
76 [23, 73]
77 [23, 37]
78 [19, 38, 89, 92]
79 [4, 28, 86]
80 [2, 57, 86]
81 [9, 49]
82 [47, 65]
83 [1, 18]
84 [4, 32]
85 [16, 73]
86 [79, 80]
87 [30, 38]
88 [30, 64]
89 [9, 78]
90 [43, 66]
91 [17, 35]
92 [37, 78]
