BA Model
Parameters:
- m0:20.0
- m:2.0

1 [18, 25, 39, 67, 80]
2 [16, 34, 91]
3 [75]
4 [26, 48, 51]
5 [28, 56]
6 [82]
7 [20]
8 [37, 78]
9 [70]
10 [19, 27, 42, 48, 61, 73]
11 [21, 23, 24, 82]
12 [17, 29]
13 [18, 19, 45]
14 [54]
15 [16, 24, 25, 27, 30, 31, 33, 40, 51, 60, 71, 90]
16 [2, 15, 17, 20, 22, 31, 32, 41, 45, 62, 66, 69, 76]
17 [12, 16, 30, 55]
18 [1, 13, 21, 59]
19 [10, 13, 23, 68, 72, 85]
20 [7, 16, 26, 33, 35, 60, 61]
21 [11, 18, 22, 34, 38, 88]
22 [16, 21, 47]
23 [11, 19]
24 [11, 15, 46, 49, 53, 87]
25 [1, 15, 29, 36, 47, 52, 55, 65, 72]
26 [4, 20]
27 [10, 15, 28, 44, 67, 78]
28 [5, 27, 32]
29 [12, 25, 35]
30 [15, 17, 40, 71, 89, 93]
31 [15, 16, 38, 42, 46, 84]
32 [16, 28, 39, 85]
33 [15, 20, 37, 53, 95]
34 [2, 21, 52, 86, 89]
35 [20, 29, 36, 49, 68, 90]
36 [25, 35, 70]
37 [8, 33, 59, 77, 91]
38 [21, 31, 64, 69, 83, 94]
39 [1, 32, 65]
40 [15, 30, 41, 44, 50, 56, 87]
41 [16, 40, 43]
42 [10, 31, 43, 50, 54, 74, 75]
43 [41, 42, 62, 81]
44 [27, 40, 63]
45 [13, 16]
46 [24, 31]
47 [22, 25, 58]
48 [4, 10, 57]
49 [24, 35]
50 [40, 42, 57, 58, 79, 95]
51 [4, 15, 76]
52 [25, 34, 79]
53 [24, 33, 74]
54 [14, 42, 64]
55 [17, 25]
56 [5, 40]
57 [48, 50, 81, 92]
58 [47, 50, 63, 83]
59 [18, 37, 93]
60 [15, 20, 66]
61 [10, 20]
62 [16, 43]
63 [44, 58, 92]
64 [38, 54]
65 [25, 39]
66 [16, 60]
67 [1, 27]
68 [19, 35]
69 [16, 38, 73, 77, 88]
70 [9, 36]
71 [15, 30]
72 [19, 25]
73 [10, 69, 84]
74 [42, 53]
75 [3, 42]
76 [16, 51]
77 [37, 69, 80]
78 [8, 27]
79 [50, 52]
80 [1, 77, 94]
81 [43, 57]
82 [6, 11]
83 [38, 58, 86]
84 [31, 73]
85 [19, 32]
86 [34, 83]
87 [24, 40]
88 [21, 69]
89 [30, 34]
90 [15, 35]
91 [2, 37]
92 [57, 63]
93 [30, 59]
94 [38, 80]
95 [33, 50]
