BA Model
Parameters:
- m0:20.0
- m:2.0

1 [26, 28]
2 [23, 54, 71, 89]
3 [14, 56]
4 [14, 15, 16, 20, 24, 25, 45, 49]
5 [89]
6 [21, 40, 43, 66, 75]
7 [17, 19, 21, 22, 48, 66]
8 [42]
9 [63]
10 [17, 18, 20, 32, 45, 46, 51, 57, 73, 84]
11 [15, 37, 48, 49, 55]
12 [29, 44, 62, 67]
13 [31, 39, 55]
14 [3, 4]
15 [4, 11, 16, 22, 80]
16 [4, 15, 18, 19, 26, 32, 33, 34, 70, 82]
17 [7, 10, 24, 31, 40, 58, 60, 74, 90]
18 [10, 16, 36, 38]
19 [7, 16, 27, 28, 35, 50, 64]
20 [4, 10, 23, 25, 29, 37]
21 [6, 7, 51, 79]
22 [7, 15, 57, 58]
23 [2, 20, 50, 72, 73, 74]
24 [4, 17, 36, 38, 41, 85]
25 [4, 20, 27, 30, 85]
26 [1, 16, 65, 76]
27 [19, 25, 42, 43, 44, 69, 88]
28 [1, 19]
29 [12, 20, 30, 34, 68]
30 [25, 29, 33, 63, 67]
31 [13, 17, 35, 41, 54, 71, 83, 88]
32 [10, 16, 60]
33 [16, 30]
34 [16, 29, 56, 79]
35 [19, 31, 39, 46, 52, 53, 90]
36 [18, 24, 47]
37 [11, 20]
38 [18, 24, 62]
39 [13, 35, 86]
40 [6, 17, 70, 91]
41 [24, 31]
42 [8, 27, 78]
43 [6, 27]
44 [12, 27, 80]
45 [4, 10, 47, 53, 82]
46 [10, 35, 59, 87]
47 [36, 45, 52, 86, 91]
48 [7, 11]
49 [4, 11]
50 [19, 23]
51 [10, 21, 68, 72, 75, 81]
52 [35, 47]
53 [35, 45, 59]
54 [2, 31, 61]
55 [11, 13, 69, 87]
56 [3, 34]
57 [10, 22]
58 [17, 22, 61]
59 [46, 53]
60 [17, 32]
61 [54, 58, 77]
62 [12, 38]
63 [9, 30, 64, 65]
64 [19, 63]
65 [26, 63, 77]
66 [6, 7]
67 [12, 30, 84]
68 [29, 51]
69 [27, 55]
70 [16, 40, 78]
71 [2, 31]
72 [23, 51]
73 [10, 23]
74 [17, 23]
75 [6, 51, 76]
76 [26, 75]
77 [61, 65]
78 [42, 70]
79 [21, 34, 81, 92]
80 [15, 44]
81 [51, 79, 83, 92]
82 [16, 45]
83 [31, 81]
84 [10, 67]
85 [24, 25]
86 [39, 47]
87 [46, 55]
88 [27, 31]
89 [2, 5]
90 [17, 35]
91 [40, 47]
92 [79, 81]
