BA Model
Parameters:
- m0:20.0
- m:2.0

1 [16, 27]
2 [19, 73]
3 [24, 49, 134]
4 [17, 31, 66, 84, 97, 102, 110, 111, 124, 145]
5 [40]
6 [18, 82, 136]
7 [122]
8 [22, 55, 79, 83, 142]
9 [18, 36, 49, 64, 120, 123]
10 [20, 86, 129]
11 [59, 138]
12 [16, 24, 46, 59, 62, 115, 139]
13 [38, 45, 68, 88, 105]
14 [21, 43, 108]
15 [19, 77, 80, 88]
16 [1, 12, 17, 20, 25, 28, 33, 42, 64, 75, 133]
17 [4, 16, 21, 22, 23, 28, 37, 44, 56, 63, 67, 81, 90, 126, 141]
18 [6, 9, 34, 35, 38, 42, 43, 47, 57, 67, 95, 107]
19 [2, 15, 26, 30, 32, 35, 98, 116]
20 [10, 16]
21 [14, 17, 23, 26, 27, 44, 48, 70, 72, 77, 108, 122, 139, 142]
22 [8, 17, 29, 75, 93, 94, 117]
23 [17, 21, 33, 34, 36, 37, 56, 57, 99, 116, 125, 140]
24 [3, 12, 25, 78, 119]
25 [16, 24, 29, 39, 54, 60, 72, 95]
26 [19, 21, 100]
27 [1, 21, 126]
28 [16, 17, 32, 97, 112, 123, 138]
29 [22, 25, 30, 31, 53, 66, 76]
30 [19, 29, 48, 52, 78]
31 [4, 29, 40, 46, 51, 103, 125, 143]
32 [19, 28, 111]
33 [16, 23, 41, 71, 85, 98]
34 [18, 23, 54]
35 [18, 19, 55, 62, 87, 91]
36 [9, 23, 45, 69, 87, 131, 136]
37 [17, 23, 39, 100, 106]
38 [13, 18, 47, 50, 61, 71, 89]
39 [25, 37, 50, 58, 70, 73, 74, 81, 90, 141]
40 [5, 31, 41]
41 [33, 40, 80]
42 [16, 18, 107]
43 [14, 18, 109, 145]
44 [17, 21, 124]
45 [13, 36, 52]
46 [12, 31, 53, 91]
47 [18, 38, 58, 92, 130]
48 [21, 30, 51]
49 [3, 9, 104]
50 [38, 39]
51 [31, 48, 65, 68]
52 [30, 45, 69, 96, 102, 109, 137]
53 [29, 46]
54 [25, 34]
55 [8, 35]
56 [17, 23, 82, 127]
57 [18, 23, 63, 65, 74, 85, 121, 127]
58 [39, 47, 61]
59 [11, 12, 60, 143]
60 [25, 59, 128]
61 [38, 58, 118]
62 [12, 35, 118, 121, 132]
63 [17, 57]
64 [9, 16]
65 [51, 57]
66 [4, 29]
67 [17, 18, 79, 83, 103, 115]
68 [13, 51]
69 [36, 52, 76, 93, 99]
70 [21, 39, 132]
71 [33, 38]
72 [21, 25]
73 [2, 39]
74 [39, 57, 84, 86, 94, 101, 133]
75 [16, 22, 112]
76 [29, 69]
77 [15, 21]
78 [24, 30, 106]
79 [8, 67, 89]
80 [15, 41, 92, 135]
81 [17, 39, 110, 114, 128]
82 [6, 56, 105, 137]
83 [8, 67]
84 [4, 74, 140]
85 [33, 57]
86 [10, 74]
87 [35, 36]
88 [13, 15, 96]
89 [38, 79]
90 [17, 39]
91 [35, 46]
92 [47, 80, 104]
93 [22, 69, 101, 135]
94 [22, 74]
95 [18, 25]
96 [52, 88, 131, 134]
97 [4, 28]
98 [19, 33]
99 [23, 69, 130]
100 [26, 37]
101 [74, 93, 117]
102 [4, 52]
103 [31, 67]
104 [49, 92, 113, 114]
105 [13, 82]
106 [37, 78]
107 [18, 42]
108 [14, 21, 119]
109 [43, 52, 113]
110 [4, 81]
111 [4, 32, 129]
112 [28, 75]
113 [104, 109, 120]
114 [81, 104]
115 [12, 67]
116 [19, 23]
117 [22, 101]
118 [61, 62]
119 [24, 108]
120 [9, 113]
121 [57, 62, 144]
122 [7, 21]
123 [9, 28]
124 [4, 44]
125 [23, 31]
126 [17, 27]
127 [56, 57]
128 [60, 81]
129 [10, 111]
130 [47, 99]
131 [36, 96]
132 [62, 70, 144]
133 [16, 74]
134 [3, 96]
135 [80, 93]
136 [6, 36]
137 [52, 82]
138 [11, 28]
139 [12, 21]
140 [23, 84]
141 [17, 39]
142 [8, 21]
143 [31, 59]
144 [121, 132]
145 [4, 43]
