BA Model
Parameters:
- m0:20.0
- m:2.0

1 [19, 24, 28, 42, 63, 132, 136]
2 [16, 23, 46, 102, 104, 109]
3 [36, 76, 112]
4 [17, 20, 44, 115, 125]
5 [25, 47, 73, 77, 122, 130]
6 [16, 17, 44]
7 [31, 33, 68]
8 [18, 20, 23, 94]
9 [54]
10 [137]
11 [65, 78, 91]
12 [18, 27, 99]
13 [19, 22, 25, 33, 35, 43, 48, 53, 92, 134]
14 [79]
15 [22, 60, 118]
16 [2, 6, 21, 27, 29, 50, 58, 82, 102, 110, 133]
17 [4, 6, 30, 49, 55, 141]
18 [8, 12, 36, 39, 54, 127]
19 [1, 13, 21, 24, 56, 69]
20 [4, 8, 48, 52, 57, 127]
21 [16, 19, 26, 65, 96]
22 [13, 15, 29, 32, 38, 39, 41, 43, 45, 66, 68, 69, 89, 144]
23 [2, 8, 50, 71, 81]
24 [1, 19, 26, 30, 51, 80, 84, 86, 103, 144]
25 [5, 13, 32, 42, 67, 128]
26 [21, 24, 40, 62, 98]
27 [12, 16, 28, 31, 37, 38, 64, 79, 86, 103, 108, 137]
28 [1, 27, 34, 35, 120, 125]
29 [16, 22, 37, 59, 60, 63, 72, 107, 117, 133, 143]
30 [17, 24, 70, 85, 142]
31 [7, 27, 34, 41, 56, 64, 66, 75, 84]
32 [22, 25, 53, 113]
33 [7, 13, 40, 46, 49, 52, 89, 90]
34 [28, 31, 47, 85, 109, 123]
35 [13, 28, 59, 91, 93, 97, 145]
36 [3, 18]
37 [27, 29]
38 [22, 27, 77, 81, 140]
39 [18, 22, 45, 83, 106, 122]
40 [26, 33]
41 [22, 31, 95, 96]
42 [1, 25]
43 [13, 22, 58, 74]
44 [4, 6]
45 [22, 39, 55, 57, 71]
46 [2, 33]
47 [5, 34, 95, 104, 119]
48 [13, 20, 61]
49 [17, 33, 82]
50 [16, 23, 51, 62, 80]
51 [24, 50, 88]
52 [20, 33, 132]
53 [13, 32, 73, 98, 106, 126, 134, 136]
54 [9, 18]
55 [17, 45]
56 [19, 31, 100, 141]
57 [20, 45, 76, 105]
58 [16, 43, 61, 67]
59 [29, 35, 105, 130]
60 [15, 29, 117]
61 [48, 58, 135]
62 [26, 50]
63 [1, 29]
64 [27, 31, 83, 129]
65 [11, 21, 72, 107, 113, 131]
66 [22, 31, 74]
67 [25, 58, 75, 90, 124]
68 [7, 22, 100, 126]
69 [19, 22, 70, 78]
70 [30, 69, 87, 128]
71 [23, 45]
72 [29, 65, 110, 131]
73 [5, 53]
74 [43, 66, 143]
75 [31, 67]
76 [3, 57, 87]
77 [5, 38]
78 [11, 69]
79 [14, 27]
80 [24, 50, 92, 97, 111, 121]
81 [23, 38]
82 [16, 49]
83 [39, 64]
84 [24, 31, 108, 112]
85 [30, 34, 114]
86 [24, 27, 88]
87 [70, 76]
88 [51, 86, 93, 99, 124, 135]
89 [22, 33]
90 [33, 67, 101]
91 [11, 35, 94, 101, 111, 121]
92 [13, 80, 118]
93 [35, 88, 129]
94 [8, 91, 142]
95 [41, 47]
96 [21, 41, 114]
97 [35, 80]
98 [26, 53]
99 [12, 88, 138, 139]
100 [56, 68]
101 [90, 91]
102 [2, 16]
103 [24, 27]
104 [2, 47]
105 [57, 59, 116]
106 [39, 53, 120]
107 [29, 65, 138]
108 [27, 84, 116]
109 [2, 34, 123, 140]
110 [16, 72]
111 [80, 91]
112 [3, 84]
113 [32, 65, 115]
114 [85, 96, 119]
115 [4, 113]
116 [105, 108]
117 [29, 60]
118 [15, 92]
119 [47, 114]
120 [28, 106]
121 [80, 91]
122 [5, 39]
123 [34, 109]
124 [67, 88]
125 [4, 28]
126 [53, 68]
127 [18, 20]
128 [25, 70]
129 [64, 93]
130 [5, 59]
131 [65, 72]
132 [1, 52]
133 [16, 29]
134 [13, 53]
135 [61, 88, 145]
136 [1, 53, 139]
137 [10, 27]
138 [99, 107]
139 [99, 136]
140 [38, 109]
141 [17, 56]
142 [30, 94]
143 [29, 74]
144 [22, 24]
145 [35, 135]
