ER Model
Parameters:
- p:0.1

1 [6, 8, 24, 27, 36, 47]
2 [14, 17, 37]
3 [10, 21, 23, 36, 40, 48]
4 [6, 22, 29, 30, 34, 40, 41]
5 [8, 12, 14, 17, 44]
6 [1, 4, 9, 11, 13, 29, 31, 33, 39]
7 [21, 29, 33, 41, 48, 50]
8 [1, 5, 24, 32, 35, 50]
9 [6, 16, 18, 30]
10 [3, 21, 36, 41]
11 [6, 35, 39, 48]
12 [5, 27, 34, 46, 50]
13 [6, 20, 30, 32]
14 [2, 5, 18, 21, 35, 44, 50]
15 [16, 22, 24]
16 [9, 15, 20, 22, 42]
17 [2, 5, 28, 40, 41]
18 [9, 14]
19 [22, 26]
20 [13, 16, 32, 36, 37, 39, 49]
21 [3, 7, 10, 14, 28, 33, 44]
22 [4, 15, 16, 19, 28, 32, 37, 39]
23 [3, 32]
24 [1, 8, 15, 26, 31, 35, 39, 45, 47, 48]
25 [36, 42, 44, 49, 50]
26 [19, 24, 32, 33, 35, 41, 42]
27 [1, 12, 32, 46]
28 [17, 21, 22]
29 [4, 6, 7, 38, 40]
30 [4, 9, 13, 41]
31 [6, 24, 40]
32 [8, 13, 20, 22, 23, 26, 27, 43]
33 [6, 7, 21, 26, 35]
34 [4, 12, 47]
35 [8, 11, 14, 24, 26, 33, 46]
36 [1, 3, 10, 20, 25]
37 [2, 20, 22, 39, 46, 47]
38 [29, 44]
39 [6, 11, 20, 22, 24, 37]
40 [3, 4, 17, 29, 31, 41, 48]
41 [4, 7, 10, 17, 26, 30, 40, 43, 46]
42 [16, 25, 26, 46, 48]
43 [32, 41]
44 [5, 14, 21, 25, 38, 49]
45 [24]
46 [12, 27, 35, 37, 41, 42, 47]
47 [1, 24, 34, 37, 46]
48 [3, 7, 11, 24, 40, 42]
49 [20, 25, 44]
50 [7, 8, 12, 14, 25]
