ER Model
Parameters:
- p:0.1

1 [5, 18, 24, 33, 55, 79, 81, 82]
2 [7, 14, 25, 48, 66, 72, 100]
3 [6, 63, 65, 76, 84]
4 [6, 7, 9, 11, 16, 23, 33, 34, 51, 52, 61, 65, 66, 87]
5 [1, 14, 21, 28, 44, 47, 58]
6 [3, 4, 7, 8, 18, 20, 34, 52, 92, 93, 94]
7 [2, 4, 6, 10, 24, 26, 36, 38, 43, 67, 72, 75, 95]
8 [6, 40, 43, 52, 57, 99]
9 [4, 12, 24, 33, 51, 53, 68, 79, 88, 97]
10 [7, 13, 18, 47, 58, 60, 63, 79, 87, 88, 94]
11 [4, 27, 42, 65, 72, 73, 76, 77, 93, 98]
12 [9, 50, 57, 69, 79, 95, 97]
13 [10, 14, 19, 20, 30, 31, 33, 42, 68, 87, 97]
14 [2, 5, 13, 23, 27, 40, 42, 43, 48, 72, 73, 89, 95]
15 [20, 22, 29, 41, 55, 69, 70, 71, 81, 87, 89, 94, 98]
16 [4, 17, 20, 27, 28, 33, 36, 54, 60, 68, 76, 82, 94]
17 [16, 19, 24, 35, 45, 50, 66, 68, 74, 76]
18 [1, 6, 10, 32, 35, 38, 59, 76, 77, 79, 86]
19 [13, 17, 21, 28, 32, 37, 57, 61, 63, 75, 86, 91, 93, 95, 96]
20 [6, 13, 15, 16, 28, 33, 40, 53, 62, 70, 77, 99]
21 [5, 19, 27, 28, 29, 38, 39, 52, 67, 89]
22 [15, 38, 44, 49, 60, 63, 69, 78]
23 [4, 14, 38, 43, 47, 55, 56, 61, 68, 73, 80, 99]
24 [1, 7, 9, 17, 33, 37, 42, 43, 47, 51, 57, 76, 95, 98]
25 [2, 28, 32]
26 [7, 41, 76, 78, 80, 96]
27 [11, 14, 16, 21, 28, 50, 53, 60, 70, 73, 80, 89, 94]
28 [5, 16, 19, 20, 21, 25, 27, 35, 46, 50, 58, 68, 70, 72, 73, 82]
29 [15, 21, 38, 45, 47, 51, 52, 53, 61, 64, 69, 70, 71, 86, 87, 95, 99]
30 [13, 41, 53, 83, 99]
31 [13, 32, 67, 94]
32 [18, 19, 25, 31, 44, 59, 60, 69]
33 [1, 4, 9, 13, 16, 20, 24, 43, 46, 71, 74, 81, 84, 85, 86, 97, 99]
34 [4, 6, 41, 51, 63, 71, 90]
35 [17, 18, 28, 37, 40, 45, 52, 72, 74, 75, 78, 88]
36 [7, 16, 40, 53, 62]
37 [19, 24, 35, 64, 67, 74, 96, 97, 100]
38 [7, 18, 21, 22, 23, 29, 39, 42, 48, 55, 58, 61]
39 [21, 38, 50, 52, 68, 83, 87, 93]
40 [8, 14, 20, 35, 36, 59, 62, 73, 76, 78, 83]
41 [15, 26, 30, 34, 46, 47, 48, 76, 77]
42 [11, 13, 14, 24, 38, 55, 67, 72, 89]
43 [7, 8, 14, 23, 24, 33, 44, 57, 83, 91, 97, 98, 99]
44 [5, 22, 32, 43, 50, 64, 66, 70, 73, 86, 88, 100]
45 [17, 29, 35, 48, 52, 57, 63, 74, 91, 100]
46 [28, 33, 41, 56, 66, 71, 75, 87, 93]
47 [5, 10, 23, 24, 29, 41, 58, 64, 68, 69, 75, 83, 92, 93, 100]
48 [2, 14, 38, 41, 45, 52, 58, 72, 94, 96]
49 [22, 52, 65, 87, 88, 94]
50 [12, 17, 27, 28, 39, 44, 55, 64, 85, 89]
51 [4, 9, 24, 29, 34, 55, 60, 70, 78, 82, 88]
52 [4, 6, 8, 21, 29, 35, 39, 45, 48, 49, 55, 68, 86, 88, 97, 99]
53 [9, 20, 27, 29, 30, 36, 67, 90, 95, 97, 100]
54 [16, 67, 87, 92, 95]
55 [1, 15, 23, 38, 42, 50, 51, 52, 58]
56 [23, 46, 62, 69, 80, 81, 96]
57 [8, 12, 19, 24, 43, 45, 80, 86, 90, 91, 92, 94]
58 [5, 10, 28, 38, 47, 48, 55, 81, 98, 99]
59 [18, 32, 40, 62, 74, 77, 79, 88, 90, 96]
60 [10, 16, 22, 27, 32, 51, 77, 91]
61 [4, 19, 23, 29, 38, 65, 97]
62 [20, 36, 40, 56, 59, 65, 80, 81, 86, 91, 98]
63 [3, 10, 19, 22, 34, 45, 64, 68, 71, 86, 89, 92, 93]
64 [29, 37, 44, 47, 50, 63, 76, 78, 79, 80, 82, 98]
65 [3, 4, 11, 49, 61, 62, 68, 73]
66 [2, 4, 17, 44, 46, 84, 93, 95]
67 [7, 21, 31, 37, 42, 53, 54, 72, 73, 79, 91, 97]
68 [9, 13, 16, 17, 23, 28, 39, 47, 52, 63, 65, 74, 97]
69 [12, 15, 22, 29, 32, 47, 56, 82, 84, 94, 96]
70 [15, 20, 27, 28, 29, 44, 51, 72, 80, 93]
71 [15, 29, 33, 34, 46, 63, 94]
72 [2, 7, 11, 14, 28, 35, 42, 48, 67, 70, 73, 85, 92, 93, 95, 99]
73 [11, 14, 23, 27, 28, 40, 44, 65, 67, 72, 92, 99]
74 [17, 33, 35, 37, 45, 59, 68, 97]
75 [7, 19, 35, 46, 47, 78, 83, 86, 95, 99]
76 [3, 11, 16, 17, 18, 24, 26, 40, 41, 64, 88, 92, 97]
77 [11, 18, 20, 41, 59, 60, 87, 89, 93, 97, 98, 99]
78 [22, 26, 35, 40, 51, 64, 75, 83, 87, 89, 95]
79 [1, 9, 10, 12, 18, 59, 64, 67]
80 [23, 26, 27, 56, 57, 62, 64, 70, 84]
81 [1, 15, 33, 56, 58, 62]
82 [1, 16, 28, 51, 64, 69, 90, 99]
83 [30, 39, 40, 43, 47, 75, 78, 99]
84 [3, 33, 66, 69, 80, 86, 87]
85 [33, 50, 72]
86 [18, 19, 29, 33, 44, 52, 57, 62, 63, 75, 84]
87 [4, 10, 13, 15, 29, 39, 46, 49, 54, 77, 78, 84, 90]
88 [9, 10, 35, 44, 49, 51, 52, 59, 76, 91]
89 [14, 15, 21, 27, 42, 50, 63, 77, 78, 92, 95]
90 [34, 53, 57, 59, 82, 87, 92]
91 [19, 43, 45, 57, 60, 62, 67, 88]
92 [6, 47, 54, 57, 63, 72, 73, 76, 89, 90]
93 [6, 11, 19, 39, 46, 47, 63, 66, 70, 72, 77]
94 [6, 10, 15, 16, 27, 31, 48, 49, 57, 69, 71, 96]
95 [7, 12, 14, 19, 24, 29, 53, 54, 66, 72, 75, 78, 89, 99]
96 [19, 26, 37, 48, 56, 59, 69, 94]
97 [9, 12, 13, 33, 37, 43, 52, 53, 61, 67, 68, 74, 76, 77, 99, 100]
98 [11, 15, 24, 43, 58, 62, 64, 77]
99 [8, 20, 23, 29, 30, 33, 43, 52, 58, 72, 73, 75, 77, 82, 83, 95, 97]
100 [2, 37, 44, 45, 47, 53, 97]
