ER Model
Parameters:
- p:0.1

1 [23, 32, 34, 38, 48, 51, 53, 78, 79, 82, 84, 89]
2 [3, 5, 7, 16, 27, 28, 30, 32, 45, 46, 52, 57, 69, 72, 77, 84, 86, 99]
3 [2, 12, 23, 39, 41, 45, 50, 59, 64, 78, 86, 87]
4 [5, 18, 24, 54, 57, 64, 75, 78, 86, 88, 92]
5 [2, 4, 26, 48, 61, 65, 96]
6 [7, 33, 34, 48, 49, 57, 67, 97, 99]
7 [2, 6, 12, 20, 35, 36]
8 [11, 14, 19, 26, 28, 31, 40, 48, 79, 90]
9 [10, 11, 24, 28, 33, 40, 61, 64, 66, 80, 88, 89, 90]
10 [9, 28, 47, 49, 55, 87]
11 [8, 9, 16, 21, 29, 56, 62, 79, 89]
12 [3, 7, 22, 43, 59, 77, 86, 87, 90]
13 [25, 29, 46, 47, 57, 63, 70, 79, 82, 92]
14 [8, 65, 71, 88, 91, 97]
15 [25, 48, 51, 57, 59, 81, 82, 85, 100]
16 [2, 11, 28, 41, 48, 52, 53, 72, 82, 83, 94, 98, 100]
17 [18, 24, 29, 59, 61, 76, 88, 94]
18 [4, 17, 19, 26, 27, 29, 37, 49, 50, 64, 68, 72, 78, 95]
19 [8, 18, 20, 27, 33, 35, 41, 50, 61, 66, 68, 78, 87, 92, 98, 100]
20 [7, 19, 27, 48, 52, 56, 57, 60, 61, 63, 67, 90, 97]
21 [11, 22, 43, 45, 50, 66, 71, 81, 89, 93, 95]
22 [12, 21, 32, 33, 34, 39, 53, 58, 60, 80, 88]
23 [1, 3, 37, 73, 90, 99]
24 [4, 9, 17, 68, 74, 78, 82, 85, 91, 97]
25 [13, 15, 41, 52, 53, 63, 76, 99]
26 [5, 8, 18, 31, 44, 59, 67, 68, 84]
27 [2, 18, 19, 20, 29, 37, 43, 48, 51, 53, 62, 64, 75, 79, 83, 88, 94]
28 [2, 8, 9, 10, 16, 31, 37, 42, 56, 63, 80, 84, 86, 87]
29 [11, 13, 17, 18, 27, 31, 38, 46, 50, 68, 70, 83, 100]
30 [2, 43, 61, 78, 82, 90, 97]
31 [8, 26, 28, 29, 32, 35, 41, 51, 68, 69, 71, 81, 97]
32 [1, 2, 22, 31, 37, 48, 81, 96]
33 [6, 9, 19, 22, 59, 62, 81, 94]
34 [1, 6, 22, 52, 58, 59, 66, 67, 72, 73, 77, 92, 96]
35 [7, 19, 31, 44, 52, 56, 59, 61, 75]
36 [7, 43, 45, 47, 53, 99]
37 [18, 23, 27, 28, 32, 39, 54, 63, 71, 72, 73]
38 [1, 29, 46, 51, 60, 64, 71]
39 [3, 22, 37, 48, 55, 62, 68, 82, 87, 93, 97]
40 [8, 9, 42, 48, 55, 58, 72, 73, 95, 99]
41 [3, 16, 19, 25, 31, 45, 52, 55, 60, 63]
42 [28, 40, 50, 55, 69, 70, 76, 84, 92, 93, 98]
43 [12, 21, 27, 30, 36, 53, 57, 72, 87, 90, 100]
44 [26, 35, 49, 70, 75]
45 [2, 3, 21, 36, 41, 48, 51, 54, 61, 70, 71, 82, 85, 97]
46 [2, 13, 29, 38, 54, 55, 69, 80, 89]
47 [10, 13, 36, 53, 57, 67, 72, 75, 81, 86, 94]
48 [1, 5, 6, 8, 15, 16, 20, 27, 32, 39, 40, 45, 49, 62, 74, 84, 95]
49 [6, 10, 18, 44, 48, 60, 78, 83, 90]
50 [3, 18, 19, 21, 29, 42, 65, 81]
51 [1, 15, 27, 31, 38, 45, 54, 59, 61, 78, 96]
52 [2, 16, 20, 25, 34, 35, 41, 55, 60, 65, 73, 85, 87, 88]
53 [1, 16, 22, 25, 27, 36, 43, 47, 60, 62, 65, 68, 76, 89, 99]
54 [4, 37, 45, 46, 51, 59, 68, 78]
55 [10, 39, 40, 41, 42, 46, 52, 57, 78, 84, 88]
56 [11, 20, 28, 35, 74, 79, 84]
57 [2, 4, 6, 13, 15, 20, 43, 47, 55, 58, 74]
58 [22, 34, 40, 57, 85]
59 [3, 12, 15, 17, 26, 33, 34, 35, 51, 54, 69, 77, 78, 81, 83]
60 [20, 22, 38, 41, 49, 52, 53, 65, 91]
61 [5, 9, 17, 19, 20, 30, 35, 45, 51, 64, 76, 80, 81, 87, 88, 90, 91]
62 [11, 27, 33, 39, 48, 53, 65, 68, 78, 93, 94, 95]
63 [13, 20, 25, 28, 37, 41, 67, 85, 91]
64 [3, 4, 9, 18, 27, 38, 61, 76, 82, 95, 96]
65 [5, 14, 50, 52, 53, 60, 62, 83, 84, 93, 99]
66 [9, 19, 21, 34, 68, 70, 79, 90]
67 [6, 20, 26, 34, 47, 63, 88]
68 [18, 19, 24, 26, 29, 31, 39, 53, 54, 62, 66, 70, 73, 82, 88, 98]
69 [2, 31, 42, 46, 59]
70 [13, 29, 42, 44, 45, 66, 68, 71, 72, 79, 83, 87, 97, 99]
71 [14, 21, 31, 37, 38, 45, 70]
72 [2, 16, 18, 34, 37, 40, 43, 47, 70, 89, 92, 97]
73 [23, 34, 37, 40, 52, 68, 79, 88]
74 [24, 48, 56, 57, 91, 97]
75 [4, 27, 35, 44, 47, 77, 89]
76 [17, 25, 42, 53, 61, 64, 89]
77 [2, 12, 34, 59, 75]
78 [1, 3, 4, 18, 19, 24, 30, 49, 51, 54, 55, 59, 62, 81]
79 [1, 8, 11, 13, 27, 56, 66, 70, 73, 92]
80 [9, 22, 28, 46, 61, 85, 94]
81 [15, 21, 31, 32, 33, 47, 50, 59, 61, 78, 84, 88]
82 [1, 13, 15, 16, 24, 30, 39, 45, 64, 68]
83 [16, 27, 29, 49, 59, 65, 70, 84, 85, 87, 88, 92, 96]
84 [1, 2, 26, 28, 42, 48, 55, 56, 65, 81, 83]
85 [15, 24, 45, 52, 58, 63, 80, 83]
86 [2, 3, 4, 12, 28, 47, 87, 92, 97]
87 [3, 10, 12, 19, 28, 39, 43, 52, 61, 70, 83, 86, 91, 99, 100]
88 [4, 9, 14, 17, 22, 27, 52, 55, 61, 67, 68, 73, 81, 83, 96]
89 [1, 9, 11, 21, 46, 53, 72, 75, 76, 92]
90 [8, 9, 12, 20, 23, 30, 43, 49, 61, 66, 94]
91 [14, 24, 60, 61, 63, 74, 87, 95]
92 [4, 13, 19, 34, 42, 72, 79, 83, 86, 89]
93 [21, 39, 42, 62, 65]
94 [16, 17, 27, 33, 47, 62, 80, 90]
95 [18, 21, 40, 48, 62, 64, 91, 96]
96 [5, 32, 34, 51, 64, 83, 88, 95]
97 [6, 14, 20, 24, 30, 31, 39, 45, 70, 72, 74, 86, 98, 100]
98 [16, 19, 42, 68, 97, 99]
99 [2, 6, 23, 25, 36, 40, 53, 65, 70, 87, 98, 100]
100 [15, 16, 19, 29, 43, 87, 97, 99]
