ER Model
Parameters:
- p:0.1

1 [4, 17, 22, 25, 34, 47, 53, 58, 66, 75, 77, 85, 95, 131, 147]
2 [5, 12, 14, 17, 19, 26, 32, 33, 47, 54, 64, 76, 81, 94, 99, 114, 130, 134, 140]
3 [9, 23, 30, 64, 78, 82, 84, 98, 103, 117, 130]
4 [1, 8, 9, 12, 13, 19, 21, 26, 35, 47, 52, 54, 60, 61, 63, 65, 67, 76, 79, 89, 90, 98, 121, 129, 146, 148]
5 [2, 34, 35, 43, 58, 72, 112, 118, 119, 127, 136, 141, 149, 150]
6 [8, 10, 15, 21, 25, 43, 54, 55, 67, 68, 72, 103, 120]
7 [15, 19, 24, 29, 61, 63, 65, 85, 99, 107, 114, 131, 138, 142, 143, 146]
8 [4, 6, 17, 20, 25, 47, 48, 52, 62, 69, 81, 88, 97, 112, 116, 121, 132, 145]
9 [3, 4, 11, 16, 32, 51, 62, 70, 73, 74, 77, 79, 98, 111, 133, 139, 147, 148]
10 [6, 21, 44, 45, 49, 58, 61, 62, 70, 82, 87, 94, 100, 110, 140]
11 [9, 17, 24, 25, 35, 43, 48, 83, 94, 95, 106, 108, 116, 120, 130, 135]
12 [2, 4, 23, 35, 39, 51, 66, 69, 76, 79, 80, 85, 89, 100, 115, 122, 125, 136]
13 [4, 20, 41, 73, 78, 107, 117, 122, 131, 132]
14 [2, 16, 27, 41, 84, 88, 95, 102, 105, 120, 125, 129, 135, 147, 148]
15 [6, 7, 26, 40, 49, 75, 91, 115, 117]
16 [9, 14, 20, 25, 27, 81, 82, 114, 128, 142]
17 [1, 2, 8, 11, 27, 29, 42, 67, 71, 84, 98, 100, 102, 103, 106, 124, 126, 135]
18 [36, 43, 44, 58, 59, 63, 70, 85, 93, 96, 104, 105, 110, 111, 119, 122, 125]
19 [2, 4, 7, 27, 31, 46, 57, 59, 85, 103, 108, 120, 128, 135, 136]
20 [8, 13, 16, 26, 41, 46, 53, 59, 64, 76, 79, 99, 106, 126]
21 [4, 6, 10, 27, 28, 30, 33, 46, 74, 88, 95, 103, 106, 117, 118, 125, 126, 149]
22 [1, 24, 38, 51, 53, 62, 75, 89, 101, 127, 138]
23 [3, 12, 31, 39, 69, 70, 72, 88, 94, 113, 119, 136, 142]
24 [7, 11, 22, 40, 55, 60, 64, 73, 88, 107, 123, 127, 135, 144, 149]
25 [1, 6, 8, 11, 16, 29, 37, 57, 77, 79, 83, 109, 110, 136, 147]
26 [2, 4, 15, 20, 38, 51, 71, 75, 80, 98, 107, 122, 128, 143]
27 [14, 16, 17, 19, 21, 28, 42, 51, 62, 74, 92, 99, 101, 105, 114, 123, 136]
28 [21, 27, 38, 53, 62, 67, 77, 86, 94, 113, 126]
29 [7, 17, 25, 35, 36, 40, 41, 51, 69, 80, 84, 92, 105, 108, 146, 147, 148]
30 [3, 21, 37, 39, 47, 67, 81, 92, 98, 110, 111, 116, 131, 135, 141, 143, 144, 148]
31 [19, 23, 78, 79, 92, 108, 111, 116, 136, 141, 142]
32 [2, 9, 34, 35, 57, 74, 84, 85, 86, 92, 94, 110, 112, 136]
33 [2, 21, 39, 55, 64, 67, 70, 88, 89, 93, 95, 106, 121]
34 [1, 5, 32, 95, 111, 117, 120, 134, 146]
35 [4, 5, 11, 12, 29, 32, 36, 44, 51, 62, 79, 85, 115, 118, 119, 123, 129, 132, 150]
36 [18, 29, 35, 38, 51, 53, 92, 107, 108, 110, 115, 128, 130]
37 [25, 30, 47, 49, 57, 59, 72, 75, 82, 110, 118, 121, 126, 128, 134, 144]
38 [22, 26, 28, 36, 48, 56, 66, 78, 96, 122, 123, 148]
39 [12, 23, 30, 33, 41, 48, 49, 56, 58, 65, 66, 71, 79, 85, 88, 94, 104, 114, 116, 118, 136, 142]
40 [15, 24, 29, 47, 48, 55, 65, 71, 91, 104, 120, 148]
41 [13, 14, 20, 29, 39, 50, 65, 84, 92, 122, 123, 128, 143, 145, 150]
42 [17, 27, 64, 67, 74, 84, 90, 92, 95, 96, 100, 102, 115, 148]
43 [5, 6, 11, 18, 54, 57, 74, 112, 123, 135, 146]
44 [10, 18, 35, 57, 59, 60, 69, 73, 75, 82, 93, 98, 103, 108, 116, 121, 124, 125, 139, 142]
45 [10, 46, 69, 80, 82, 88, 106, 108, 110, 116, 145]
46 [19, 20, 21, 45, 57, 62, 70, 72, 78, 83, 87, 94, 97, 119, 128, 131, 137, 144]
47 [1, 2, 4, 8, 30, 37, 40, 52, 57, 59, 73, 79, 81, 97, 121, 129, 132]
48 [8, 11, 38, 39, 40, 51, 52, 71, 77, 81, 87, 100, 108, 112, 127]
49 [10, 15, 37, 39, 59, 60, 61, 62, 65, 66, 91, 102, 139]
50 [41, 53, 58, 64, 78, 101, 107, 110, 122, 126, 142]
51 [9, 12, 22, 26, 27, 29, 35, 36, 48, 55, 62, 76, 79, 91, 93, 94, 109, 144]
52 [4, 8, 47, 48, 53, 56, 74, 77, 88, 90, 109, 119, 124, 126, 142, 143, 148]
53 [1, 20, 22, 28, 36, 50, 52, 56, 57, 61, 65, 92, 98, 103, 104, 107, 128, 136, 149]
54 [2, 4, 6, 43, 72, 79, 84, 102, 107, 111, 112, 118, 120, 132, 137, 143, 150]
55 [6, 24, 33, 40, 51, 56, 70, 73, 80, 111, 117, 129, 140, 150]
56 [38, 39, 52, 53, 55, 97]
57 [19, 25, 32, 37, 43, 44, 46, 47, 53, 71, 72, 78, 83, 88, 95, 103, 105, 111, 131, 141]
58 [1, 5, 10, 18, 39, 50, 65, 85, 88, 90, 107, 125, 136, 138, 142, 144]
59 [18, 19, 20, 37, 44, 47, 49, 72, 77, 78, 89, 113, 122, 129, 136, 145]
60 [4, 24, 44, 49, 83, 87, 94, 95, 108, 113, 129, 138, 150]
61 [4, 7, 10, 49, 53, 77, 83, 92, 97, 104, 105, 117, 120, 132, 136, 138, 144]
62 [8, 9, 10, 22, 27, 28, 35, 46, 49, 51, 78, 84, 94, 97, 98, 100, 141]
63 [4, 7, 18, 68, 73, 92, 101, 105, 108, 111, 121, 150]
64 [2, 3, 20, 24, 33, 42, 50, 91, 128, 134, 140, 146, 147]
65 [4, 7, 39, 40, 41, 49, 53, 58, 83, 127, 144]
66 [1, 12, 38, 39, 49, 67, 71, 74, 79, 90, 91, 119, 125, 132, 134, 139]
67 [4, 6, 17, 28, 30, 33, 42, 66, 78, 80, 81, 85, 86, 100, 105, 107, 126, 144]
68 [6, 63, 70, 92, 94, 132, 140, 148]
69 [8, 12, 23, 29, 44, 45, 90, 91, 97, 99, 110, 117, 122, 128, 135, 136, 139, 147]
70 [9, 10, 18, 23, 33, 46, 55, 68, 74, 82, 92, 105, 116, 123, 128, 147]
71 [17, 26, 39, 40, 48, 57, 66, 92, 101, 106, 107, 110, 122, 132, 134]
72 [5, 6, 23, 37, 46, 54, 57, 59, 75, 77, 86, 93, 97, 116, 130, 149]
73 [9, 13, 24, 44, 47, 55, 63, 118]
74 [9, 21, 27, 32, 42, 43, 52, 66, 70, 85, 92, 93, 102, 112, 126, 149]
75 [1, 15, 22, 26, 37, 44, 72, 77, 95, 109, 116, 120, 123, 128, 146, 147]
76 [2, 4, 12, 20, 51, 81, 84, 89, 112, 114, 123, 136, 141]
77 [1, 9, 25, 28, 48, 52, 59, 61, 72, 75, 90, 94, 104, 115, 121, 130, 138]
78 [3, 13, 31, 38, 46, 50, 57, 59, 62, 67, 81, 93, 94, 95, 106, 111, 116, 122, 130, 132, 139, 140, 141]
79 [4, 9, 12, 20, 25, 31, 35, 39, 47, 51, 54, 66, 80, 99, 107, 109, 117, 123, 127, 135, 147]
80 [12, 26, 29, 45, 55, 67, 79, 90, 103, 104, 110, 125, 131, 142]
81 [2, 8, 16, 30, 47, 48, 67, 76, 78, 89, 101, 102, 103, 124, 129, 132, 135, 142, 146]
82 [3, 10, 16, 37, 44, 45, 70, 92, 106, 137, 139]
83 [11, 25, 46, 57, 60, 61, 65, 90, 92, 106, 115, 130, 133, 140, 148]
84 [3, 14, 17, 29, 32, 41, 42, 54, 62, 76, 96, 102, 117, 130, 143, 144]
85 [1, 7, 12, 18, 19, 32, 35, 39, 58, 67, 74, 92, 101, 106, 119, 120, 140, 142, 148, 149]
86 [28, 32, 67, 72, 91, 93, 98, 106, 115, 118, 119, 123, 127, 135, 142, 143]
87 [10, 46, 48, 60, 100, 105, 132, 133, 135, 139, 141, 143, 144, 147]
88 [8, 14, 21, 23, 24, 33, 39, 45, 52, 57, 58, 96, 100, 125, 137, 150]
89 [4, 12, 22, 33, 59, 76, 81, 112, 149]
90 [4, 42, 52, 58, 66, 69, 77, 80, 83, 92, 104, 108, 109, 114, 130, 134, 135, 137, 145]
91 [15, 40, 49, 51, 64, 66, 69, 86, 93, 98, 104, 119, 125, 141, 148]
92 [27, 29, 30, 31, 32, 36, 41, 42, 53, 61, 63, 68, 70, 71, 74, 82, 83, 85, 90, 110, 119, 124, 126, 136, 142, 144]
93 [18, 33, 44, 51, 72, 74, 78, 86, 91, 95, 100, 102, 106, 115, 117, 130, 132, 148, 149]
94 [2, 10, 11, 23, 28, 32, 39, 46, 51, 60, 62, 68, 77, 78, 99, 101, 108, 132, 135, 139, 142, 150]
95 [1, 11, 14, 21, 33, 34, 42, 57, 60, 75, 78, 93, 98, 100, 101, 107, 116]
96 [18, 38, 42, 84, 88, 101, 138, 147]
97 [8, 46, 47, 56, 61, 62, 69, 72, 106, 112, 119, 136]
98 [3, 4, 9, 17, 26, 30, 44, 53, 62, 86, 91, 95, 99, 100, 105, 137]
99 [2, 7, 20, 27, 69, 79, 94, 98, 111, 139, 144, 145]
100 [10, 12, 17, 42, 48, 62, 67, 87, 88, 93, 95, 98, 137, 140, 149]
101 [22, 27, 50, 63, 71, 81, 85, 94, 95, 96, 103, 105, 117, 123, 127, 135]
102 [14, 17, 42, 49, 54, 74, 81, 84, 93, 108, 138]
103 [3, 6, 17, 19, 21, 44, 53, 57, 80, 81, 101, 118, 119, 138, 139, 147]
104 [18, 39, 40, 53, 61, 77, 80, 90, 91, 113, 121, 123, 134]
105 [14, 18, 27, 29, 57, 61, 63, 67, 70, 87, 98, 101, 129, 131, 135, 149]
106 [11, 17, 20, 21, 33, 45, 71, 78, 82, 83, 85, 86, 93, 97, 109, 110, 118, 123, 124, 130, 134, 139, 149, 150]
107 [7, 13, 24, 26, 36, 50, 53, 54, 58, 67, 71, 79, 95, 117, 123, 125, 130, 137, 142]
108 [11, 19, 29, 31, 36, 44, 45, 48, 60, 63, 90, 94, 102, 116, 117, 126, 133, 149]
109 [25, 51, 52, 75, 79, 90, 106, 113, 116, 129, 140]
110 [10, 18, 25, 30, 32, 36, 37, 45, 50, 69, 71, 80, 92, 106, 111, 139]
111 [9, 18, 30, 31, 34, 54, 55, 57, 63, 78, 99, 110, 114, 118, 119, 124, 143, 144]
112 [5, 8, 32, 43, 48, 54, 74, 76, 89, 97, 134, 146, 147, 149]
113 [23, 28, 59, 60, 104, 109, 114, 127, 142, 147]
114 [2, 7, 16, 27, 39, 76, 90, 111, 113, 115, 123, 125, 131, 137, 146]
115 [12, 15, 35, 36, 42, 77, 83, 86, 93, 114, 121, 124, 131, 137, 147]
116 [8, 11, 30, 31, 39, 44, 45, 70, 72, 75, 78, 95, 108, 109, 118, 124, 134, 146, 148]
117 [3, 13, 15, 21, 34, 55, 61, 69, 79, 84, 93, 101, 107, 108, 121, 124, 130, 134, 141]
118 [5, 21, 35, 37, 39, 54, 73, 86, 103, 106, 111, 116, 119, 126, 138]
119 [5, 18, 23, 35, 46, 52, 66, 85, 86, 91, 92, 97, 103, 111, 118, 144]
120 [6, 11, 14, 19, 34, 40, 54, 61, 75, 85, 133, 142, 143, 149, 150]
121 [4, 8, 33, 37, 44, 47, 63, 77, 104, 115, 117, 126, 128, 129, 131, 135]
122 [12, 13, 18, 26, 38, 41, 50, 59, 69, 71, 78, 136, 139, 142, 145]
123 [24, 27, 35, 38, 41, 43, 70, 75, 76, 79, 86, 101, 104, 106, 107, 114, 139, 147, 148]
124 [17, 44, 52, 81, 92, 106, 111, 115, 116, 117, 138, 146, 150]
125 [12, 14, 18, 21, 44, 58, 66, 80, 88, 91, 107, 114, 130, 149]
126 [17, 20, 21, 28, 37, 50, 52, 67, 74, 92, 108, 118, 121, 134, 143]
127 [5, 22, 24, 48, 65, 79, 86, 101, 113, 128, 129, 139]
128 [16, 19, 26, 36, 37, 41, 46, 53, 64, 69, 70, 75, 121, 127, 130, 132, 150]
129 [4, 14, 35, 47, 55, 59, 60, 81, 105, 109, 121, 127]
130 [2, 3, 11, 36, 72, 77, 78, 83, 84, 90, 93, 106, 107, 117, 125, 128]
131 [1, 7, 13, 30, 46, 57, 80, 105, 114, 115, 121]
132 [8, 13, 35, 47, 54, 61, 66, 68, 71, 78, 81, 87, 93, 94, 128, 137, 138, 150]
133 [9, 83, 87, 108, 120, 134, 147]
134 [2, 34, 37, 64, 66, 71, 90, 104, 106, 112, 116, 117, 126, 133, 147]
135 [11, 14, 17, 19, 24, 30, 43, 69, 79, 81, 86, 87, 90, 94, 101, 105, 121, 145, 148, 149]
136 [5, 12, 19, 23, 25, 27, 31, 32, 39, 53, 58, 59, 61, 69, 76, 92, 97, 122]
137 [46, 54, 82, 88, 90, 98, 100, 107, 114, 115, 132, 145, 149]
138 [7, 22, 58, 60, 61, 77, 96, 102, 103, 118, 124, 132]
139 [9, 44, 49, 66, 69, 78, 82, 87, 94, 99, 103, 106, 110, 122, 123, 127]
140 [2, 10, 55, 64, 68, 78, 83, 85, 100, 109, 147]
141 [5, 30, 31, 57, 62, 76, 78, 87, 91, 117]
142 [7, 16, 23, 31, 39, 44, 50, 52, 58, 80, 81, 85, 86, 92, 94, 107, 113, 120, 122, 143, 148]
143 [7, 26, 30, 41, 52, 54, 84, 86, 87, 111, 120, 126, 142, 144, 147]
144 [24, 30, 37, 46, 51, 58, 61, 65, 67, 84, 87, 92, 99, 111, 119, 143, 150]
145 [8, 41, 45, 59, 90, 99, 122, 135, 137, 146]
146 [4, 7, 29, 34, 43, 64, 75, 81, 112, 114, 116, 124, 145, 148]
147 [1, 9, 14, 25, 29, 64, 69, 70, 75, 79, 87, 96, 103, 112, 113, 115, 123, 133, 134, 140, 143]
148 [4, 9, 14, 29, 30, 38, 40, 42, 52, 68, 83, 85, 91, 93, 116, 123, 135, 142, 146]
149 [5, 21, 24, 53, 72, 74, 85, 89, 93, 100, 105, 106, 108, 112, 120, 125, 135, 137]
150 [5, 35, 41, 54, 55, 60, 63, 88, 94, 106, 120, 124, 128, 132, 144]
