ER Model
Parameters:
- p:0.1

1 [3, 14, 32, 35, 40, 50, 56, 57, 65, 79, 125, 126, 131, 137, 141, 142, 143]
2 [17, 21, 27, 29, 35, 37, 45, 54, 61, 69, 73, 86, 93, 101, 121, 122, 129]
3 [1, 21, 31, 35, 58, 61, 85, 109, 149]
4 [7, 19, 23, 29, 48, 61, 81, 82, 83, 94, 96, 112, 144]
5 [13, 30, 49, 54, 56, 63, 74, 79, 80, 101, 109, 111, 112, 130, 147]
6 [10, 11, 12, 13, 33, 37, 40, 42, 48, 63, 80, 98, 102, 106, 114, 118, 124, 127, 149]
7 [4, 13, 22, 25, 36, 56, 59, 61, 64, 80, 95, 106, 142]
8 [19, 29, 47, 54, 56, 59, 62, 73, 77, 81, 95, 96, 138]
9 [10, 11, 14, 23, 26, 30, 39, 54, 73, 83, 112, 113, 123, 130, 134, 138, 141, 143, 149]
10 [6, 9, 15, 50, 55, 62, 71, 86, 90, 96, 103, 108, 114, 122]
11 [6, 9, 18, 25, 26, 35, 41, 63, 68, 73, 74, 81, 82, 83, 90, 94, 100, 112, 119, 130, 146]
12 [6, 19, 32, 33, 34, 71, 100, 107, 114, 122, 135, 136, 146, 149]
13 [5, 6, 7, 17, 30, 42, 58, 63, 84, 90, 93, 102, 110, 113, 120, 137, 145]
14 [1, 9, 23, 34, 71, 82, 86, 98, 103, 118, 120, 141]
15 [10, 16, 17, 19, 50, 53, 65, 69, 72, 93, 94, 96, 108, 109, 135, 139]
16 [15, 18, 29, 52, 56, 68, 72, 92, 110, 112, 113, 114, 122, 128, 131, 146]
17 [2, 13, 15, 50, 58, 79, 88, 101, 105, 110, 111, 114, 119, 122, 127, 137, 139, 148]
18 [11, 16, 39, 47, 58, 60, 68, 86, 87, 96, 107, 113, 118, 121, 126, 137, 142]
19 [4, 8, 12, 15, 26, 32, 44, 49, 67, 72, 77, 80, 84, 89, 93, 96, 101, 124, 137, 149, 150]
20 [30, 64, 68, 82, 101, 112, 118, 138, 144, 148]
21 [2, 3, 26, 29, 35, 37, 51, 63, 72, 108, 119, 125, 130, 132, 138]
22 [7, 31, 50, 74, 113, 114, 119, 122, 136, 141, 144]
23 [4, 9, 14, 36, 37, 39, 42, 64, 90, 97, 98, 107, 113, 125, 134, 136]
24 [69, 73, 83, 92, 123, 125, 138]
25 [7, 11, 30, 41, 51, 64, 68, 82, 85, 96, 117, 146]
26 [9, 11, 19, 21, 33, 47, 81, 83, 98, 105, 110, 126, 130, 132]
27 [2, 32, 35, 36, 40, 61, 63, 69, 70, 82, 89, 102, 119, 132, 146]
28 [34, 45, 47, 54, 71, 96, 108, 116, 133, 148]
29 [2, 4, 8, 16, 21, 34, 43, 47, 49, 60, 63, 65, 76, 79, 89, 122, 126, 132, 133, 141]
30 [5, 9, 13, 20, 25, 47, 64, 80, 97, 110, 116, 139, 146]
31 [3, 22, 45, 50, 58, 63, 71, 81, 84, 88, 100, 107]
32 [1, 12, 19, 27, 43, 44, 74, 77, 79, 94, 106, 107, 109, 119, 122, 123]
33 [6, 12, 26, 43, 55, 61, 65, 99, 104, 112, 116, 125, 133, 138]
34 [12, 14, 28, 29, 37, 51, 71, 76, 91, 96, 101, 106, 109, 131]
35 [1, 2, 3, 11, 21, 27, 83, 89, 93, 95, 104, 111, 121, 128, 133, 134, 139]
36 [7, 23, 27, 37, 46, 56, 62, 66, 68, 74, 75, 83, 90, 100, 103, 105, 112, 128, 137, 138, 141, 143]
37 [2, 6, 21, 23, 34, 36, 49, 52, 59, 63, 67, 74, 107, 131, 145]
38 [51, 70, 78, 83, 103, 130, 131, 146]
39 [9, 18, 23, 47, 66, 70, 99, 112, 149]
40 [1, 6, 27, 44, 74, 82, 103, 108, 116, 129, 145]
41 [11, 25, 42, 45, 77, 95, 103, 115, 121, 125, 126, 141]
42 [6, 13, 23, 41, 75, 97, 100, 105, 108, 121, 137, 143, 145, 149]
43 [29, 32, 33, 53, 54, 58, 71, 75, 93, 94, 105, 112, 131, 134]
44 [19, 32, 40, 51, 95, 100, 139, 140]
45 [2, 28, 31, 41, 57, 82, 96, 101, 102, 128, 133, 141, 142, 149]
46 [36, 48, 52, 59, 61, 66, 82, 88, 90, 93, 102, 105, 116, 119, 123, 130]
47 [8, 18, 26, 28, 29, 30, 39, 83, 84, 89, 96, 115, 116, 117, 119, 127, 136, 148]
48 [4, 6, 46, 61, 68, 73, 76, 84, 91, 102, 143]
49 [5, 19, 29, 37, 51, 72, 75, 93, 100, 121, 146]
50 [1, 10, 15, 17, 22, 31, 56, 67, 94, 113, 123]
51 [21, 25, 34, 38, 44, 49, 63, 86, 109, 124, 130]
52 [16, 37, 46, 69, 75, 76, 101, 115, 123, 146, 149]
53 [15, 43, 58, 62, 73, 86, 96, 97, 115, 116, 126, 137, 138]
54 [2, 5, 8, 9, 28, 43, 77, 83, 94, 95, 106, 140, 141]
55 [10, 33, 67, 71, 75, 95, 96, 105, 122, 137, 145, 150]
56 [1, 5, 7, 8, 16, 36, 50, 67, 100, 119, 129, 136]
57 [1, 45, 76, 81, 95, 108, 122, 132, 145, 149]
58 [3, 13, 17, 18, 31, 43, 53, 60, 61, 76, 87, 94, 96, 102, 104, 114, 124, 130]
59 [7, 8, 37, 46, 75, 130, 132, 138, 143]
60 [18, 29, 58, 72, 87, 96, 122, 129, 132, 144]
61 [2, 3, 4, 7, 27, 33, 46, 48, 58, 63, 81, 88, 98, 102, 103, 119, 130, 146]
62 [8, 10, 36, 53, 66, 100, 103, 107, 114, 145]
63 [5, 6, 11, 13, 21, 27, 29, 31, 37, 51, 61, 88, 95, 103, 104, 109, 123, 143, 148]
64 [7, 20, 23, 25, 30, 85, 100, 102, 129, 134, 138, 147, 149]
65 [1, 15, 29, 33, 70, 74, 82, 101, 102, 105, 110, 120, 134, 149]
66 [36, 39, 46, 62, 77, 115, 136, 143, 147, 149]
67 [19, 37, 50, 55, 56, 70, 76, 104, 106, 124, 131]
68 [11, 16, 18, 20, 25, 36, 48, 69, 71, 96, 100, 101, 107, 116, 123, 132, 141, 147, 148]
69 [2, 15, 24, 27, 52, 68, 80, 81, 94, 97, 99, 100, 105, 115, 116, 128, 133, 137, 147, 149]
70 [27, 38, 39, 65, 67, 78, 105, 113, 130, 132, 138]
71 [10, 12, 14, 28, 31, 34, 43, 55, 68, 99, 118, 122, 124, 125, 140, 145]
72 [15, 16, 19, 21, 49, 60, 83, 91, 96, 99, 108, 111, 124, 139]
73 [2, 8, 9, 11, 24, 48, 53, 104, 106, 111, 124, 141, 144, 147]
74 [5, 11, 22, 32, 36, 37, 40, 65, 91, 99, 121, 124, 126, 142]
75 [36, 42, 43, 49, 52, 55, 59, 77, 81, 93, 121, 130, 143]
76 [29, 34, 48, 52, 57, 58, 67, 82, 92, 109, 111, 113, 122, 124, 128, 133, 134, 135, 146]
77 [8, 19, 32, 41, 54, 66, 75, 128, 133, 145, 149]
78 [38, 70, 80, 87, 99, 109, 111, 116, 136, 150]
79 [1, 5, 17, 29, 32, 89, 102, 104, 108, 109, 113]
80 [5, 6, 7, 19, 30, 69, 78, 83, 86, 98, 103, 119, 125, 138]
81 [4, 8, 11, 26, 31, 57, 61, 69, 75, 83, 85, 95, 124, 143, 150]
82 [4, 11, 14, 20, 25, 27, 40, 45, 46, 65, 76, 124]
83 [4, 9, 11, 24, 26, 35, 36, 38, 47, 54, 72, 80, 81, 86, 95, 111, 120, 123, 139, 150]
84 [13, 19, 31, 47, 48, 86, 100, 102, 112, 121, 127, 129, 144, 147, 149]
85 [3, 25, 64, 81, 98, 113, 128, 134, 136, 137]
86 [2, 10, 14, 18, 51, 53, 80, 83, 84, 93, 102, 108, 116, 118, 137, 142, 149]
87 [18, 58, 60, 78, 88, 96, 99, 104, 129, 147]
88 [17, 31, 46, 61, 63, 87, 91, 96, 98, 118, 135, 140, 145]
89 [19, 27, 29, 35, 47, 79, 91, 100, 105, 136, 140]
90 [10, 11, 13, 23, 36, 46, 92, 108, 110, 117, 118, 138, 142]
91 [34, 48, 72, 74, 88, 89, 100, 120, 127]
92 [16, 24, 76, 90, 99, 107, 109, 115, 131, 142]
93 [2, 13, 15, 19, 35, 43, 46, 49, 75, 86, 95, 97, 102, 117, 129]
94 [4, 11, 15, 32, 43, 50, 54, 58, 69, 95, 99, 103, 114]
95 [7, 8, 35, 41, 44, 54, 55, 57, 63, 81, 83, 93, 94, 100, 119, 127, 134]
96 [4, 8, 10, 15, 18, 19, 25, 28, 34, 45, 47, 53, 55, 58, 60, 68, 72, 87, 88, 102, 130, 143]
97 [23, 30, 42, 53, 69, 93, 128, 145, 150]
98 [6, 14, 23, 26, 61, 80, 85, 88, 100, 117, 130, 143]
99 [33, 39, 69, 71, 72, 74, 78, 87, 92, 94, 119, 120, 123, 124, 127, 139, 140, 141]
100 [11, 12, 31, 36, 42, 44, 49, 56, 62, 64, 68, 69, 84, 89, 91, 95, 98, 103, 106, 113, 117, 149]
101 [2, 5, 17, 19, 20, 34, 45, 52, 65, 68, 112, 116, 130, 139, 141, 145, 149]
102 [6, 13, 27, 45, 46, 48, 58, 61, 64, 65, 79, 84, 86, 93, 96, 110, 119, 130, 132]
103 [10, 14, 36, 38, 40, 41, 61, 62, 63, 80, 94, 100, 108, 115]
104 [33, 35, 58, 63, 67, 73, 79, 87, 112, 144]
105 [17, 26, 36, 42, 43, 46, 55, 65, 69, 70, 89, 116, 117, 119, 140, 143]
106 [6, 7, 32, 34, 54, 67, 73, 100, 116, 127, 147]
107 [12, 18, 23, 31, 32, 37, 62, 68, 92, 114, 123, 127, 139]
108 [10, 15, 21, 28, 40, 42, 57, 72, 79, 86, 90, 103, 124, 129, 137, 140, 148, 149]
109 [3, 5, 15, 32, 34, 51, 63, 76, 78, 79, 92, 120, 124, 133, 143]
110 [13, 16, 17, 26, 30, 65, 90, 102, 111, 125, 129, 136, 146]
111 [5, 17, 35, 72, 73, 76, 78, 83, 110, 125, 138, 140, 141]
112 [4, 5, 9, 11, 16, 20, 33, 36, 39, 43, 84, 101, 104, 113, 115, 116, 122, 125, 131, 132, 150]
113 [9, 13, 16, 18, 22, 23, 50, 70, 76, 79, 85, 100, 112, 118, 135, 147, 150]
114 [6, 10, 12, 16, 17, 22, 58, 62, 94, 107, 134, 150]
115 [41, 47, 52, 53, 66, 69, 92, 103, 112, 129]
116 [28, 30, 33, 40, 46, 47, 53, 68, 69, 78, 86, 101, 105, 106, 112, 130, 134]
117 [25, 47, 90, 93, 98, 100, 105, 121, 126, 127, 138]
118 [6, 14, 18, 20, 71, 86, 88, 90, 113, 119, 129]
119 [11, 17, 21, 22, 27, 32, 46, 47, 56, 61, 80, 95, 99, 102, 105, 118, 146]
120 [13, 14, 65, 83, 91, 99, 109]
121 [2, 18, 35, 41, 42, 49, 74, 75, 84, 117, 142, 144]
122 [2, 10, 12, 16, 17, 22, 29, 32, 55, 57, 60, 71, 76, 112]
123 [9, 24, 32, 46, 50, 52, 63, 68, 83, 99, 107, 129, 150]
124 [6, 19, 51, 58, 67, 71, 72, 73, 74, 76, 81, 82, 99, 108, 109]
125 [1, 21, 23, 24, 33, 41, 71, 80, 110, 111, 112, 127, 145]
126 [1, 18, 26, 29, 41, 53, 74, 117, 131, 133, 136, 140, 145]
127 [6, 17, 47, 84, 91, 95, 99, 106, 107, 117, 125, 134]
128 [16, 35, 36, 45, 69, 76, 77, 85, 97, 140, 149]
129 [2, 40, 56, 60, 64, 84, 87, 93, 108, 110, 115, 118, 123, 132, 138, 144, 150]
130 [5, 9, 11, 21, 26, 38, 46, 51, 58, 59, 61, 70, 75, 96, 98, 101, 102, 116]
131 [1, 16, 34, 37, 38, 43, 67, 92, 112, 126]
132 [21, 26, 27, 29, 57, 59, 60, 68, 70, 102, 112, 129, 143, 149]
133 [28, 29, 33, 35, 45, 69, 76, 77, 109, 126, 145, 147]
134 [9, 23, 35, 43, 64, 65, 76, 85, 95, 114, 116, 127, 147]
135 [12, 15, 76, 88, 113, 147, 149]
136 [12, 22, 23, 47, 56, 66, 78, 85, 89, 110, 126]
137 [1, 13, 17, 18, 19, 36, 42, 53, 55, 69, 85, 86, 108, 150]
138 [8, 9, 20, 21, 24, 33, 36, 53, 59, 64, 70, 80, 90, 111, 117, 129, 145, 147, 150]
139 [15, 17, 30, 35, 44, 72, 83, 99, 101, 107]
140 [44, 54, 71, 88, 89, 99, 105, 108, 111, 126, 128]
141 [1, 9, 14, 22, 29, 36, 41, 45, 54, 68, 73, 99, 101, 111]
142 [1, 7, 18, 45, 74, 86, 90, 92, 121]
143 [1, 9, 36, 42, 48, 59, 63, 66, 75, 81, 96, 98, 105, 109, 132]
144 [4, 20, 22, 60, 73, 84, 104, 121, 129]
145 [13, 37, 40, 42, 55, 57, 62, 71, 77, 88, 97, 101, 125, 126, 133, 138, 146, 149]
146 [11, 12, 16, 25, 27, 30, 38, 49, 52, 61, 76, 110, 119, 145, 149]
147 [5, 64, 66, 68, 69, 73, 84, 87, 106, 113, 133, 134, 135, 138]
148 [17, 20, 28, 47, 63, 68, 108]
149 [3, 6, 9, 12, 19, 39, 42, 45, 52, 57, 64, 65, 66, 69, 77, 84, 86, 100, 101, 108, 128, 132, 135, 145, 146]
150 [19, 55, 78, 81, 83, 97, 112, 113, 114, 123, 129, 137, 138]
