ER Model
Parameters:
- p:0.1

1 [6, 12, 30, 46]
2 [16, 20, 31]
3 [11, 21, 31, 49]
4 [15, 18, 35, 36, 38, 50]
5 [17, 22, 23, 24, 32, 37, 48]
6 [1, 19, 27, 28, 30, 38]
7 [13, 20, 31, 38, 46]
8 [22, 23, 28, 49]
9 [11, 17, 24, 32, 41, 50]
10 [50]
11 [3, 9, 47]
12 [1, 24, 44, 48]
13 [7]
14 [21, 47]
15 [4, 20, 34, 37]
16 [2, 25, 49]
17 [5, 9, 19, 28, 29, 42, 50]
18 [4, 36, 38]
19 [6, 17, 37, 42, 46]
20 [2, 7, 15, 25]
21 [3, 14, 28, 32, 34, 40, 43]
22 [5, 8]
23 [5, 8, 28, 31, 34, 42, 44]
24 [5, 9, 12, 28, 30, 38, 41, 47]
25 [16, 20, 35, 38, 42, 47]
26 [27]
27 [6, 26, 37]
28 [6, 8, 17, 21, 23, 24, 36, 45]
29 [17, 33, 34, 44]
30 [1, 6, 24, 32, 34]
31 [2, 3, 7, 23, 34, 41]
32 [5, 9, 21, 30, 43, 45, 47]
33 [29]
34 [15, 21, 23, 29, 30, 31, 36, 47]
35 [4, 25, 50]
36 [4, 18, 28, 34, 46]
37 [5, 15, 19, 27, 43, 47]
38 [4, 6, 7, 18, 24, 25, 41, 47]
39 [45]
40 [21, 42]
41 [9, 24, 31, 38]
42 [17, 19, 23, 25, 40, 46, 49]
43 [21, 32, 37]
44 [12, 23, 29, 47, 49]
45 [28, 32, 39, 48]
46 [1, 7, 19, 36, 42]
47 [11, 14, 24, 25, 32, 34, 37, 38, 44, 48]
48 [5, 12, 45, 47]
49 [3, 8, 16, 42, 44]
50 [4, 9, 10, 17, 35]
