ER Model
Parameters:
- p:0.1

1 [2, 8, 23, 37, 42, 57, 82, 84, 89, 90, 91, 102, 106, 108]
2 [1, 10, 28, 55, 67, 107, 117, 136, 140, 147]
3 [37, 64, 84, 85, 86, 89, 93, 96, 100, 123, 136, 144]
4 [5, 7, 36, 45, 57, 75, 76, 82, 104, 110, 123, 125, 127, 139, 145]
5 [4, 19, 31, 36, 39, 69, 72, 73, 79, 94, 136, 142, 149]
6 [18, 23, 27, 29, 32, 62, 66, 102, 109, 117, 136, 146]
7 [4, 9, 12, 15, 19, 31, 35, 44, 47, 55, 69, 88, 102, 103, 108, 124, 128, 142, 143]
8 [1, 9, 14, 34, 35, 39, 40, 70, 80, 83, 85, 90, 100, 109, 118, 141, 144]
9 [7, 8, 32, 34, 46, 50, 51, 56, 92, 93, 96, 110, 118, 124, 138, 142, 147, 150]
10 [2, 20, 24, 36, 37, 51, 56, 76, 91, 92, 101, 107, 114, 135, 141, 144, 148]
11 [17, 26, 30, 31, 48, 53, 54, 61, 76, 86, 90, 91, 93, 97, 107, 110, 112, 118, 120, 125, 137]
12 [7, 16, 19, 28, 45, 48, 55, 59, 78, 82, 86, 88, 95, 112, 115, 142]
13 [15, 26, 55, 72, 80, 92, 101, 108, 112, 115, 127, 134, 135, 140, 142]
14 [8, 24, 33, 46, 58, 66, 75, 89, 90, 106, 109, 117, 120, 125, 147]
15 [7, 13, 52, 69, 78, 82, 84, 92, 97, 99, 118, 119, 122]
16 [12, 39, 61, 67, 98, 138, 140, 144, 145]
17 [11, 18, 21, 24, 34, 40, 43, 75, 78, 103, 105, 115, 128, 133, 149]
18 [6, 17, 38, 58, 59, 60, 76, 79, 80, 84, 95, 108, 110, 116, 121, 125, 130]
19 [5, 7, 12, 27, 32, 56, 58, 60, 71, 95, 104, 138, 144]
20 [10, 21, 24, 40, 55, 60, 65, 66, 71, 99, 135, 136, 139]
21 [17, 20, 41, 43, 56, 64, 81, 85, 92, 95, 100, 122, 128, 130, 138, 143, 145]
22 [38, 73, 95, 110, 112, 124, 140, 142]
23 [1, 6, 59, 64, 67, 68, 71, 81, 93, 110, 112, 123, 126, 146, 150]
24 [10, 14, 17, 20, 25, 27, 30, 31, 32, 33, 44, 48, 54, 58, 61, 73, 87, 104, 105, 109, 128, 134, 137, 140]
25 [24, 26, 31, 40, 43, 62, 70, 83, 93, 94, 105, 107, 110, 115, 127, 133, 142]
26 [11, 13, 25, 33, 42, 49, 50, 52, 57, 59, 71, 115]
27 [6, 19, 24, 29, 45, 59, 75, 81, 87, 94, 101, 112, 121, 123, 129, 131, 144]
28 [2, 12, 32, 42, 51, 89, 103, 104, 107, 113, 114, 115, 118, 122, 136, 150]
29 [6, 27, 35, 56, 75, 81, 83, 92, 107, 112, 115, 117, 120]
30 [11, 24, 36, 48, 55, 74, 81, 88, 93, 94, 98, 107, 128, 139]
31 [5, 7, 11, 24, 25, 36, 42, 49, 51, 55, 62, 63, 69, 73, 79, 83, 86, 92, 98, 112, 120, 130, 148]
32 [6, 9, 19, 24, 28, 40, 58, 62, 64, 65, 66, 70, 79, 83, 94, 96, 103, 111, 129, 135, 140]
33 [14, 24, 26, 34, 35, 46, 56, 59, 64, 71, 99, 108, 128, 137, 143, 144]
34 [8, 9, 17, 33, 43, 52, 57, 70, 81, 100, 104, 109, 148]
35 [7, 8, 29, 33, 41, 49, 54, 59, 60, 61, 75, 85, 105, 112, 116, 119, 122, 135]
36 [4, 5, 10, 30, 31, 44, 50, 53, 65, 67, 106, 109, 110, 112, 124, 136, 138]
37 [1, 3, 10, 38, 61, 65, 89, 93, 111, 112, 116, 145]
38 [18, 22, 37, 41, 42, 43, 50, 55, 65, 67, 68, 81, 88, 93, 102, 113, 116, 128, 136, 138, 144]
39 [5, 8, 16, 54, 73, 77, 82, 109, 119, 121, 130]
40 [8, 17, 20, 25, 32, 42, 51, 61, 68, 70, 76, 86, 89, 108, 110, 132, 146, 147, 148]
41 [21, 35, 38, 48, 56, 57, 59, 62, 65, 71, 73, 81, 83, 88, 94, 127, 135]
42 [1, 26, 28, 31, 38, 40, 71, 73, 75, 80, 82, 93, 114, 115, 125, 144, 148]
43 [17, 21, 25, 34, 38, 51, 64, 85, 126, 143]
44 [7, 24, 36, 50, 62, 65, 80, 86, 92, 96, 100, 109, 124, 125, 137, 140, 150]
45 [4, 12, 27, 53, 72, 74, 86, 87, 88, 92, 95, 103, 122, 125, 129, 137, 144, 148]
46 [9, 14, 33, 48, 55, 59, 68, 70, 81, 83, 85, 96, 97, 110, 114, 117, 118, 122, 128, 136, 137, 149]
47 [7, 48, 63, 73, 98, 110, 118, 125, 134, 146]
48 [11, 12, 24, 30, 41, 46, 47, 49, 59, 67, 70, 71, 75, 81, 101, 109, 122, 129, 133, 137, 141, 148]
49 [26, 31, 35, 48, 51, 56, 57, 65, 76, 86, 89, 95, 97, 121, 124, 125, 126, 139]
50 [9, 26, 36, 38, 44, 51, 55, 56, 73, 83, 88, 92, 97, 98, 100, 101, 104, 105, 117, 118, 122, 127, 141, 144]
51 [9, 10, 28, 31, 40, 43, 49, 50, 71, 72, 81, 83, 91, 93, 105, 109, 117, 119, 125, 130, 141]
52 [15, 26, 34, 53, 59, 65, 73, 74, 90, 101, 104, 108, 111, 124, 131, 134, 140, 142]
53 [11, 36, 45, 52, 62, 63, 67, 70, 73, 80, 83, 84, 89, 109, 113, 123, 128]
54 [11, 24, 35, 39, 66, 69, 73, 74, 76, 88, 100, 106, 116, 125, 131, 141, 146, 149]
55 [2, 7, 12, 13, 20, 30, 31, 38, 46, 50, 59, 61, 65, 80, 83, 88, 107, 108, 121, 123, 124, 145]
56 [9, 10, 19, 21, 29, 33, 41, 49, 50, 68, 69, 71, 89, 92, 98, 106, 110, 118, 119, 123, 140]
57 [1, 4, 26, 34, 41, 49, 58, 60, 64, 81, 86, 94, 103, 112, 124, 126, 127, 133, 139, 143]
58 [14, 18, 19, 24, 32, 57, 65, 75, 90, 105, 106, 115, 119, 136, 137, 149]
59 [12, 18, 23, 26, 27, 33, 35, 41, 46, 48, 52, 55, 76, 106, 108, 117, 127, 136, 149]
60 [18, 19, 20, 35, 57, 69, 76, 89, 99, 104, 107, 112, 126, 138, 139]
61 [11, 16, 24, 35, 37, 40, 55, 76, 88, 99, 121, 127, 141]
62 [6, 25, 31, 32, 41, 44, 53, 74, 75, 76, 94, 107, 108, 115, 124, 128, 136, 139]
63 [31, 47, 53, 83, 97, 99, 105, 130]
64 [3, 21, 23, 32, 33, 43, 57, 80, 87, 104, 119, 122, 126, 135, 141, 148]
65 [20, 32, 36, 37, 38, 41, 44, 49, 52, 55, 58, 68, 79, 96, 112, 115, 124, 135, 148]
66 [6, 14, 20, 32, 54, 72, 75, 82, 89, 96, 102, 113, 125, 133, 147]
67 [2, 16, 23, 36, 38, 48, 53, 71, 72, 87, 110, 126, 128, 144]
68 [23, 38, 40, 46, 56, 65, 69, 77, 100, 105, 116, 117, 118, 126, 130, 134, 139, 144]
69 [5, 7, 15, 31, 54, 56, 60, 68, 76, 77, 79, 83, 95, 99, 105, 124]
70 [8, 25, 32, 34, 40, 46, 48, 53, 78, 82, 87, 106, 111, 125, 128, 146]
71 [19, 20, 23, 26, 33, 41, 42, 48, 51, 56, 67, 83, 84, 87, 89, 102, 104, 123, 128, 135, 144, 147]
72 [5, 13, 45, 51, 66, 67, 89, 90, 95, 99, 129, 130, 133, 134, 144]
73 [5, 22, 24, 31, 39, 41, 42, 47, 50, 52, 53, 54, 90, 102, 106, 108, 109, 121, 131, 135, 136, 137, 139, 144, 145, 148]
74 [30, 45, 52, 54, 62, 76, 79, 86, 91, 92, 99, 101, 120, 127, 133, 136, 143, 150]
75 [4, 14, 17, 27, 29, 35, 42, 48, 58, 62, 66, 77, 81, 102, 103, 113, 125]
76 [4, 10, 11, 18, 40, 49, 54, 59, 60, 61, 62, 69, 74, 83, 104]
77 [39, 68, 69, 75, 96, 98, 113, 119, 122, 146, 149]
78 [12, 15, 17, 70, 88, 91, 100, 103, 104, 105, 113, 118, 124, 142, 150]
79 [5, 18, 31, 32, 65, 69, 74, 107, 113, 121, 128, 148]
80 [8, 13, 18, 42, 44, 53, 55, 64, 84, 89, 103, 109, 116, 117, 125, 127, 136, 138, 140]
81 [21, 23, 27, 29, 30, 34, 38, 41, 46, 48, 51, 57, 75, 97, 101, 105, 108, 111, 117, 138]
82 [1, 4, 12, 15, 39, 42, 66, 70, 93, 120, 123, 143, 147]
83 [8, 25, 29, 31, 32, 41, 46, 50, 51, 53, 55, 63, 69, 71, 76, 86, 93, 97, 105, 113, 118]
84 [1, 3, 15, 18, 53, 71, 80, 86, 98, 102, 111, 140]
85 [3, 8, 21, 35, 43, 46, 99, 111, 150]
86 [3, 11, 12, 31, 40, 44, 45, 49, 57, 74, 83, 84, 93, 98, 104, 110, 113, 114, 117, 134, 140, 141]
87 [24, 27, 45, 64, 67, 70, 71, 92, 103, 108, 110, 119, 122, 123, 130, 139, 141, 148]
88 [7, 12, 30, 38, 41, 45, 50, 54, 55, 61, 78, 93, 95, 101, 113, 142, 146]
89 [1, 3, 14, 28, 37, 40, 49, 53, 56, 60, 66, 71, 72, 80, 91, 103, 104, 106, 107, 111, 141]
90 [1, 8, 11, 14, 52, 58, 72, 73, 97, 102, 117, 149]
91 [1, 10, 11, 51, 74, 78, 89, 96, 114, 119, 120, 130, 135]
92 [9, 10, 13, 15, 21, 29, 31, 44, 45, 50, 56, 74, 87, 103, 112, 114, 122, 125, 137, 145, 150]
93 [3, 9, 11, 23, 25, 30, 37, 38, 42, 51, 82, 83, 86, 88, 135, 146, 147, 148]
94 [5, 25, 27, 30, 32, 41, 57, 62, 104, 110, 128, 135, 149]
95 [12, 18, 19, 21, 22, 45, 49, 69, 72, 88, 103, 116, 123, 141, 146, 150]
96 [3, 9, 32, 44, 46, 65, 66, 77, 91, 97, 101, 108, 116, 138]
97 [11, 15, 46, 49, 50, 63, 81, 83, 90, 96, 100, 114, 124, 131, 136, 140, 142, 148]
98 [16, 30, 31, 47, 50, 56, 77, 84, 86, 107, 112, 116, 123, 124, 126, 130, 141, 142, 144]
99 [15, 20, 33, 60, 61, 63, 69, 72, 74, 85, 102, 110, 118, 135, 145]
100 [3, 8, 21, 34, 44, 50, 54, 68, 78, 97, 102, 113, 114, 131, 148]
101 [10, 13, 27, 48, 50, 52, 74, 81, 88, 96, 105, 108, 118, 136, 146]
102 [1, 6, 7, 38, 66, 71, 73, 75, 84, 90, 99, 100, 105, 106, 108, 126, 131]
103 [7, 17, 28, 32, 45, 57, 75, 78, 80, 87, 89, 92, 95, 108, 112, 116, 123, 133, 145, 149]
104 [4, 19, 24, 28, 34, 50, 52, 60, 64, 71, 76, 78, 86, 89, 94, 108, 110, 111, 122, 126, 139]
105 [17, 24, 25, 35, 50, 51, 58, 63, 68, 69, 78, 81, 83, 101, 102, 111, 117, 134]
106 [1, 14, 36, 54, 56, 58, 59, 70, 73, 89, 102, 114, 117, 121, 127, 128, 134, 136, 150]
107 [2, 10, 11, 25, 28, 29, 30, 55, 60, 62, 79, 89, 98, 118, 131, 141, 143, 145]
108 [1, 7, 13, 18, 33, 40, 52, 55, 59, 62, 73, 81, 87, 96, 101, 102, 103, 104, 116, 143, 145, 148]
109 [6, 8, 14, 24, 34, 36, 39, 44, 48, 51, 53, 73, 80, 110, 113, 127, 130, 143, 146]
110 [4, 9, 11, 18, 22, 23, 25, 36, 40, 46, 47, 56, 67, 86, 87, 94, 99, 104, 109, 117, 130]
111 [32, 37, 52, 70, 81, 84, 85, 89, 104, 105, 124, 127, 150]
112 [11, 12, 13, 22, 23, 27, 29, 31, 35, 36, 37, 57, 60, 65, 92, 98, 103, 115, 118, 123, 145]
113 [28, 38, 53, 66, 75, 77, 78, 79, 83, 86, 88, 100, 109, 119, 123, 129, 137, 144]
114 [10, 28, 42, 46, 86, 91, 92, 97, 100, 106, 119, 138, 145]
115 [12, 13, 17, 25, 26, 28, 29, 42, 58, 62, 65, 112, 144]
116 [18, 35, 37, 38, 54, 68, 80, 95, 96, 98, 103, 108, 131, 132, 134, 141, 149]
117 [2, 6, 14, 29, 46, 50, 51, 59, 68, 80, 81, 86, 90, 105, 106, 110, 121, 127, 128, 133, 142, 144]
118 [8, 9, 11, 15, 28, 46, 47, 50, 56, 68, 78, 83, 99, 101, 107, 112, 126, 137]
119 [15, 35, 39, 51, 56, 58, 64, 77, 87, 91, 113, 114, 124, 130, 138, 139, 145]
120 [11, 14, 29, 31, 74, 82, 91, 125, 135, 140]
121 [18, 27, 39, 49, 55, 61, 73, 79, 106, 117, 137, 139, 144]
122 [15, 21, 28, 35, 45, 46, 48, 50, 64, 77, 87, 92, 104, 138, 147]
123 [3, 4, 23, 27, 53, 55, 56, 71, 82, 87, 95, 98, 103, 112, 113, 146, 148]
124 [7, 9, 22, 36, 44, 49, 52, 55, 57, 62, 65, 69, 78, 97, 98, 111, 119, 132, 138]
125 [4, 11, 14, 18, 42, 44, 45, 47, 49, 51, 54, 66, 70, 75, 80, 92, 120, 136, 145, 149]
126 [23, 43, 49, 57, 60, 64, 67, 68, 98, 102, 104, 118, 144]
127 [4, 13, 25, 41, 50, 57, 59, 61, 74, 80, 106, 109, 111, 117, 132, 143, 147]
128 [7, 17, 21, 24, 30, 33, 38, 46, 53, 62, 67, 70, 71, 79, 94, 106, 117, 130, 140, 148]
129 [27, 32, 45, 48, 72, 113, 132, 137]
130 [18, 21, 31, 39, 51, 63, 68, 72, 87, 91, 98, 109, 110, 119, 128, 132, 133, 136, 140]
131 [27, 52, 54, 73, 97, 100, 102, 107, 116, 142, 149]
132 [40, 116, 124, 127, 129, 130]
133 [17, 25, 48, 57, 66, 72, 74, 103, 117, 130, 143]
134 [13, 24, 47, 52, 68, 72, 86, 105, 106, 116, 136, 140, 148]
135 [10, 13, 20, 32, 35, 41, 64, 65, 71, 73, 91, 93, 94, 99, 120]
136 [2, 3, 5, 6, 20, 28, 36, 38, 46, 58, 59, 62, 73, 74, 80, 97, 101, 106, 125, 130, 134, 139, 143, 145]
137 [11, 24, 33, 44, 45, 46, 48, 58, 73, 92, 113, 118, 121, 129, 144, 146]
138 [9, 16, 19, 21, 36, 38, 60, 80, 81, 96, 114, 119, 122, 124, 139]
139 [4, 20, 30, 49, 57, 60, 62, 68, 73, 87, 104, 119, 121, 136, 138]
140 [2, 13, 16, 22, 24, 32, 44, 52, 56, 80, 84, 86, 97, 120, 128, 130, 134, 147]
141 [8, 10, 48, 50, 51, 54, 61, 64, 86, 87, 89, 95, 98, 107, 116]
142 [5, 7, 9, 12, 13, 22, 25, 52, 78, 88, 97, 98, 117, 131, 150]
143 [7, 21, 33, 43, 57, 74, 82, 107, 108, 109, 127, 133, 136]
144 [3, 8, 10, 16, 19, 27, 33, 38, 42, 45, 50, 67, 68, 71, 72, 73, 98, 113, 115, 117, 121, 126, 137, 147]
145 [4, 16, 21, 37, 55, 73, 92, 99, 103, 107, 108, 112, 114, 119, 125, 136]
146 [6, 23, 40, 47, 54, 70, 77, 88, 93, 95, 101, 109, 123, 137]
147 [2, 9, 14, 40, 66, 71, 82, 93, 122, 127, 140, 144, 150]
148 [10, 31, 34, 40, 42, 45, 48, 64, 65, 73, 79, 87, 93, 97, 100, 108, 123, 128, 134]
149 [5, 17, 46, 54, 58, 59, 77, 90, 94, 103, 116, 125, 131]
150 [9, 23, 28, 44, 74, 78, 85, 92, 95, 106, 111, 142, 147]
