ER Model
Parameters:
- p:0.1

1 [52, 64, 71, 98, 102, 109, 121, 128, 134, 143, 149, 150]
2 [12, 15, 23, 29, 64, 78, 81, 86, 91, 96, 99, 106, 110, 121, 125, 134, 142]
3 [43, 55, 61, 63, 74, 84, 94, 126, 135, 137, 140, 146]
4 [6, 25, 26, 61, 67, 77, 120]
5 [13, 17, 21, 81, 87, 119, 136, 148]
6 [4, 19, 31, 39, 41, 48, 71, 102, 144]
7 [15, 24, 28, 36, 37, 39, 50, 52, 54, 56, 74, 107, 146, 148]
8 [9, 20, 22, 39, 47, 57, 58, 79, 87, 89, 93, 98, 103, 115, 116, 130, 135, 142, 145]
9 [8, 22, 43, 45, 50, 52, 57, 58, 62, 73, 78, 87, 93, 96, 101, 118, 119, 125, 128, 147]
10 [18, 52, 53, 80, 87, 93, 106, 119, 141, 146]
11 [38, 45, 55, 56, 59, 77, 101, 103, 105, 121, 124, 150]
12 [2, 14, 23, 29, 31, 43, 54, 56, 61, 62, 77, 78, 90, 100, 103, 107, 110, 113, 119, 128, 135, 149]
13 [5, 29, 41, 46, 64, 91, 94, 105, 106, 110, 114]
14 [12, 23, 28, 38, 73, 78, 87, 108, 110, 113, 114, 123, 129, 139, 146]
15 [2, 7, 21, 35, 40, 43, 47, 48, 67, 77, 90, 94, 95, 109, 116, 121, 141, 145, 150]
16 [17, 18, 28, 76, 89, 95, 99, 100, 117, 142]
17 [5, 16, 33, 41, 54, 80, 88, 112, 116, 128, 131, 140, 143, 146]
18 [10, 16, 27, 44, 56, 70, 71, 85, 106, 109, 128, 138, 147]
19 [6, 30, 36, 62, 73, 93, 94, 109, 116, 121, 123, 127, 134, 140, 146, 148]
20 [8, 25, 38, 46, 68, 71, 87, 106, 121, 134, 137]
21 [5, 15, 32, 45, 56, 69, 88, 89, 98, 137, 140]
22 [8, 9, 41, 42, 48, 60, 75, 90, 93, 99, 105, 118, 126, 129, 138, 146]
23 [2, 12, 14, 42, 58, 66, 71, 84, 86, 87, 95, 102, 104, 123, 134]
24 [7, 27, 37, 38, 43, 45, 46, 64, 75, 83, 87, 91, 115, 117, 141, 144, 150]
25 [4, 20, 31, 46, 50, 51, 67, 78, 86, 87, 92, 101, 123, 128, 131, 139, 140]
26 [4, 52, 66, 67, 76, 89, 108, 111, 125, 135, 149]
27 [18, 24, 28, 29, 43, 58, 84, 85, 89, 99, 101, 120, 128, 141, 143, 146]
28 [7, 14, 16, 27, 31, 33, 49, 55, 58, 59, 63, 77, 91, 96, 103, 127]
29 [2, 12, 13, 27, 35, 42, 46, 53, 83, 89, 102, 116, 130, 135, 150]
30 [19, 56, 58, 60, 66, 74, 87, 149]
31 [6, 12, 25, 28, 35, 37, 39, 51, 64, 68, 78, 82, 86, 89, 91, 108, 113, 117, 139, 142]
32 [21, 55, 74, 84, 90, 95, 96, 106, 109, 142, 144, 150]
33 [17, 28, 34, 51, 80, 102, 118, 132, 134]
34 [33, 60, 65, 68, 71, 76, 83, 97, 103, 132, 134, 135, 136, 140, 149]
35 [15, 29, 31, 41, 57, 68, 75, 88, 89, 94, 99, 108, 123, 138, 144]
36 [7, 19, 44, 50, 51, 58, 62, 72, 79, 88, 90, 92, 105, 114, 124]
37 [7, 24, 31, 38, 48, 57, 80, 101, 105, 110, 129, 133, 139]
38 [11, 14, 20, 24, 37, 44, 45, 66, 88, 97, 126, 134, 137]
39 [6, 7, 8, 31, 47, 59, 66, 96, 111, 131, 135, 137, 143, 145]
40 [15, 44, 45, 49, 67, 71, 74, 75, 76, 93, 98, 114, 115, 117, 120, 145]
41 [6, 13, 17, 22, 35, 49, 59, 60, 65, 87, 92, 94, 103, 113, 117, 121, 138, 139, 143, 147]
42 [22, 23, 29, 46, 77, 80, 86, 93, 103, 113, 114, 124, 145, 149]
43 [3, 9, 12, 15, 24, 27, 45, 57, 58, 62, 63, 68, 79, 84, 96, 97, 105, 127, 131, 138]
44 [18, 36, 38, 40, 47, 57, 59, 72, 79, 83, 102, 124, 129, 131, 147, 150]
45 [9, 11, 21, 24, 38, 40, 43, 56, 66, 80, 83, 86, 95, 96, 110, 118, 119, 141, 144, 150]
46 [13, 20, 24, 25, 29, 42, 56, 64, 81, 101, 110, 112, 125, 142, 148]
47 [8, 15, 39, 44, 77, 101, 108, 114, 118, 140, 141, 143, 145, 147, 149]
48 [6, 15, 22, 37, 59, 63, 69, 70, 72, 79, 93, 105, 108, 109, 120, 139, 141, 143, 144]
49 [28, 40, 41, 58, 61, 63, 86, 101, 108, 112, 119, 133, 135, 140, 141, 144]
50 [7, 9, 25, 36, 54, 62, 87, 98, 108, 131, 141, 147]
51 [25, 31, 33, 36, 61, 70, 95, 98, 104, 131, 140, 148]
52 [1, 7, 9, 10, 26, 70, 82, 86, 89, 102, 125, 148]
53 [10, 29, 64, 76, 79, 105, 112, 123, 132, 134, 139, 146]
54 [7, 12, 17, 50, 113, 117, 125, 127, 133]
55 [3, 11, 28, 32, 56, 61, 66, 69, 70, 71, 117, 119, 121, 129]
56 [7, 11, 12, 18, 21, 30, 45, 46, 55, 81, 89, 95, 104, 111, 122, 124]
57 [8, 9, 35, 37, 43, 44, 78, 88, 99, 127, 128, 142]
58 [8, 9, 23, 27, 28, 30, 36, 43, 49, 62, 68, 89, 96, 105, 116, 118, 119, 122, 143]
59 [11, 28, 39, 41, 44, 48, 62, 63, 69, 77, 82, 83, 102, 122, 123, 135, 137]
60 [22, 30, 34, 41, 82, 83, 85, 89, 101, 105, 116, 135, 137]
61 [3, 4, 12, 49, 51, 55, 74, 90, 95, 116, 128, 145, 147, 149]
62 [9, 12, 19, 36, 43, 50, 58, 59, 74, 81, 92, 95, 102, 130, 139]
63 [3, 28, 43, 48, 49, 59, 80, 98, 99, 136, 149]
64 [1, 2, 13, 24, 31, 46, 53, 71, 84, 86, 101, 112, 129, 130, 134, 136, 138, 141, 142, 143, 147]
65 [34, 41, 66, 69, 72, 78, 82, 95, 134, 136, 140, 142]
66 [23, 26, 30, 38, 39, 45, 55, 65, 70, 90, 96, 97, 129, 130, 131, 138, 148]
67 [4, 15, 25, 26, 40, 68, 70, 85, 109, 128, 135, 141]
68 [20, 31, 34, 35, 43, 58, 67, 83, 90, 93, 109, 110, 115, 128, 137]
69 [21, 48, 55, 59, 65, 78, 83, 93, 99, 116, 135, 148]
70 [18, 48, 51, 52, 55, 66, 67, 72, 90, 97, 103, 112, 124, 132, 136, 139]
71 [1, 6, 18, 20, 23, 34, 40, 55, 64, 76, 83, 90, 115, 118, 126, 129]
72 [36, 44, 48, 65, 70, 88, 93, 99, 104, 112, 113, 120, 139]
73 [9, 14, 19, 95, 113, 122, 124, 138]
74 [3, 7, 30, 32, 40, 61, 62, 81, 88, 112, 131, 139, 145]
75 [22, 24, 35, 40, 110, 135]
76 [16, 26, 34, 40, 53, 71, 81, 90, 97, 101, 113, 130, 134, 142]
77 [4, 11, 12, 15, 28, 42, 47, 59, 86, 100, 107, 108, 130, 139]
78 [2, 9, 12, 14, 25, 31, 57, 65, 69, 79, 80, 83, 96, 97, 115, 119, 130, 134, 139]
79 [8, 36, 43, 44, 48, 53, 78, 88, 96, 98, 110, 114, 119, 129, 136, 148, 150]
80 [10, 17, 33, 37, 42, 45, 63, 78, 95, 99, 100, 106, 110, 120, 130, 142]
81 [2, 5, 46, 56, 62, 74, 76, 86, 87, 94, 104, 108, 134, 137, 141]
82 [31, 52, 59, 60, 65, 85, 87, 88, 90, 97, 98, 109]
83 [24, 29, 34, 44, 45, 59, 60, 68, 69, 71, 78, 90, 99, 102, 116, 127]
84 [3, 23, 27, 32, 43, 64, 87, 101, 120, 122, 128, 132]
85 [18, 27, 60, 67, 82, 86, 97, 125]
86 [2, 23, 25, 31, 42, 45, 49, 52, 64, 77, 81, 85, 96, 101, 113, 135]
87 [5, 8, 9, 10, 14, 20, 23, 24, 25, 30, 41, 50, 81, 82, 84, 106, 126]
88 [17, 21, 35, 36, 38, 57, 72, 74, 79, 82, 93, 102, 108, 122, 131]
89 [8, 16, 21, 26, 27, 29, 31, 35, 52, 56, 58, 60, 101, 116, 121, 134, 142]
90 [12, 15, 22, 32, 36, 61, 66, 68, 70, 71, 76, 82, 83, 114, 118, 122, 133, 135, 136]
91 [2, 13, 24, 28, 31, 103, 106, 107, 133]
92 [25, 36, 41, 62, 95, 97, 103, 107, 110, 114, 131, 133, 134]
93 [8, 9, 10, 19, 22, 40, 42, 48, 68, 69, 72, 88, 110, 119, 124, 137, 148]
94 [3, 13, 15, 19, 35, 41, 81, 105, 106, 113, 116, 137, 139, 141]
95 [15, 16, 23, 32, 45, 51, 56, 61, 62, 65, 73, 80, 92, 107, 109, 123, 137, 143]
96 [2, 9, 28, 32, 39, 43, 45, 58, 66, 78, 79, 86, 101, 106, 110, 116, 144]
97 [34, 38, 43, 66, 70, 76, 78, 82, 85, 92, 99, 144, 145, 148]
98 [1, 8, 21, 40, 50, 51, 63, 79, 82, 115, 121]
99 [2, 16, 22, 27, 35, 57, 63, 69, 72, 80, 83, 97, 104, 144, 148, 149]
100 [12, 16, 77, 80, 127, 135, 137]
101 [9, 11, 25, 27, 37, 46, 47, 49, 60, 64, 76, 84, 86, 89, 96, 124, 125, 137, 140]
102 [1, 6, 23, 29, 33, 44, 52, 59, 62, 83, 88, 103, 104, 113, 119, 126, 144]
103 [8, 11, 12, 28, 34, 41, 42, 70, 91, 92, 102, 108, 110, 120, 134, 136, 147]
104 [23, 51, 56, 72, 81, 99, 102, 106, 111, 117, 127]
105 [11, 13, 22, 36, 37, 43, 48, 53, 58, 60, 94, 107, 111, 112, 114]
106 [2, 10, 13, 18, 20, 32, 80, 87, 91, 94, 96, 104, 110, 112, 116, 120, 125, 130, 137, 146, 150]
107 [7, 12, 77, 91, 92, 95, 105, 109, 110, 112, 113, 132, 147]
108 [14, 26, 31, 35, 47, 48, 49, 50, 77, 81, 88, 103, 110, 114, 125, 126, 148]
109 [1, 15, 18, 19, 32, 48, 67, 68, 82, 95, 107, 111, 128, 130, 138, 143, 145]
110 [2, 12, 13, 14, 37, 45, 46, 68, 75, 79, 80, 92, 93, 96, 103, 106, 107, 108, 111, 122, 135]
111 [26, 39, 56, 104, 105, 109, 110, 112, 118, 120, 126, 134, 135, 145]
112 [17, 46, 49, 53, 64, 70, 72, 74, 105, 106, 107, 111, 140]
113 [12, 14, 31, 41, 42, 54, 72, 73, 76, 86, 94, 102, 107, 115]
114 [13, 14, 36, 40, 42, 47, 79, 90, 92, 105, 108, 118, 130, 134]
115 [8, 24, 40, 68, 71, 78, 98, 113, 141, 146]
116 [8, 15, 17, 19, 29, 58, 60, 61, 69, 83, 89, 94, 96, 106, 135]
117 [16, 24, 31, 40, 41, 54, 55, 104, 122, 134, 135]
118 [9, 22, 33, 45, 47, 58, 71, 90, 111, 114]
119 [5, 9, 10, 12, 45, 49, 55, 58, 78, 79, 93, 102, 120, 131, 139, 144]
120 [4, 27, 40, 48, 72, 80, 84, 103, 106, 111, 119, 121, 127, 130, 132, 138, 140, 149]
121 [1, 2, 11, 15, 19, 20, 41, 55, 89, 98, 120, 130, 145, 150]
122 [56, 58, 59, 73, 84, 88, 90, 110, 117, 144]
123 [14, 19, 23, 25, 35, 53, 59, 95, 124, 126, 142, 144, 150]
124 [11, 36, 42, 44, 56, 70, 73, 93, 101, 123, 137, 140, 143]
125 [2, 9, 26, 46, 52, 54, 85, 101, 106, 108, 130, 132]
126 [3, 22, 38, 71, 87, 102, 108, 111, 123, 139]
127 [19, 28, 43, 54, 57, 83, 100, 104, 120, 141]
128 [1, 9, 12, 17, 18, 25, 27, 57, 61, 67, 68, 84, 109, 135]
129 [14, 22, 37, 44, 55, 64, 66, 71, 79, 146]
130 [8, 29, 62, 64, 66, 76, 77, 78, 80, 106, 109, 114, 120, 121, 125]
131 [17, 25, 39, 43, 44, 50, 51, 66, 74, 88, 92, 119, 136, 138, 150]
132 [33, 34, 53, 70, 84, 107, 120, 125, 145]
133 [37, 49, 54, 90, 91, 92]
134 [1, 2, 19, 20, 23, 33, 34, 38, 53, 64, 65, 76, 78, 81, 89, 92, 103, 111, 114, 117, 146]
135 [3, 8, 12, 26, 29, 34, 39, 49, 59, 60, 67, 69, 75, 86, 90, 100, 110, 111, 116, 117, 128, 146]
136 [5, 34, 63, 64, 65, 70, 79, 90, 103, 131, 147]
137 [3, 20, 21, 38, 39, 59, 60, 68, 81, 93, 94, 95, 100, 101, 106, 124, 140, 149, 150]
138 [18, 22, 35, 41, 43, 64, 66, 73, 109, 120, 131, 140, 142, 147]
139 [14, 25, 31, 37, 41, 48, 53, 62, 70, 72, 74, 77, 78, 94, 119, 126, 146, 148]
140 [3, 17, 19, 21, 25, 34, 47, 49, 51, 65, 101, 112, 120, 124, 137, 138, 144]
141 [10, 15, 24, 27, 45, 47, 48, 49, 50, 64, 67, 81, 94, 115, 127]
142 [2, 8, 16, 31, 32, 46, 57, 64, 65, 76, 80, 89, 123, 138]
143 [1, 17, 27, 39, 41, 47, 48, 58, 64, 95, 109, 124]
144 [6, 24, 32, 35, 45, 48, 49, 96, 97, 99, 102, 119, 122, 123, 140, 150]
145 [8, 15, 39, 40, 42, 47, 61, 74, 97, 109, 111, 121, 132, 146]
146 [3, 7, 10, 14, 17, 19, 22, 27, 53, 106, 115, 129, 134, 135, 139, 145, 148]
147 [9, 18, 41, 44, 47, 50, 61, 64, 103, 107, 136, 138]
148 [5, 7, 19, 46, 51, 52, 66, 69, 79, 93, 97, 99, 108, 139, 146, 150]
149 [1, 12, 26, 30, 34, 42, 47, 61, 63, 99, 120, 137, 150]
150 [1, 11, 15, 24, 29, 32, 44, 45, 79, 106, 121, 123, 131, 137, 144, 148, 149]
