ER Model
Parameters:
- p:0.1

1 [11, 18, 35, 44, 48]
2 [20, 35, 42]
3 [7, 10, 20, 25, 28, 32, 37, 45, 49]
4 [12, 15, 17, 18, 27, 32, 35, 40, 45]
5 [10, 13, 16, 30, 33, 35, 49]
6 [15, 19, 31, 35]
7 [3, 8, 12, 16, 25, 26, 30, 42]
8 [7, 21, 24, 42, 44, 47]
9 [13, 29, 31, 50]
10 [3, 5, 18, 32, 49]
11 [1, 13, 17, 50]
12 [4, 7, 20, 32, 40, 50]
13 [5, 9, 11, 30, 38, 44, 45, 49, 50]
14 [21, 34]
15 [4, 6, 21, 29, 45, 46]
16 [5, 7, 21, 26, 32, 38, 43]
17 [4, 11, 18, 38, 40]
18 [1, 4, 10, 17, 29, 31, 34, 44]
19 [6, 20, 44, 50]
20 [2, 3, 12, 19, 32, 34, 38]
21 [8, 14, 15, 16, 25, 29, 30, 36, 45]
22 [23, 34, 39, 46, 49]
23 [22, 27, 31, 33, 38, 39]
24 [8, 38, 48]
25 [3, 7, 21, 26, 35, 45, 47, 49]
26 [7, 16, 25]
27 [4, 23, 30, 37, 44, 47]
28 [3, 30, 37]
29 [9, 15, 18, 21, 49]
30 [5, 7, 13, 21, 27, 28, 39, 43, 44, 46]
31 [6, 9, 18, 23, 34, 35, 49]
32 [3, 4, 10, 12, 16, 20, 45, 48]
33 [5, 23, 34, 46, 48]
34 [14, 18, 20, 22, 31, 33]
35 [1, 2, 4, 5, 6, 25, 31, 42, 46]
36 [21, 41, 45, 48, 49]
37 [3, 27, 28]
38 [13, 16, 17, 20, 23, 24, 39, 41, 43, 44]
39 [22, 23, 30, 38, 40]
40 [4, 12, 17, 39]
41 [36, 38, 44]
42 [2, 7, 8, 35, 44, 46, 50]
43 [16, 30, 38, 47]
44 [1, 8, 13, 18, 19, 27, 30, 38, 41, 42, 45, 48]
45 [3, 4, 13, 15, 21, 25, 32, 36, 44, 48]
46 [15, 22, 30, 33, 35, 42]
47 [8, 25, 27, 43, 49]
48 [1, 24, 32, 33, 36, 44, 45]
49 [3, 5, 10, 13, 22, 25, 29, 31, 36, 47]
50 [9, 11, 12, 13, 19, 42]
