ER Model
Parameters:
- p:0.1

1 [13, 14, 27, 29, 30, 38, 43, 48, 51, 66, 70, 79, 80, 100]
2 [3, 7, 16, 44, 46, 79, 81, 86, 96]
3 [2, 14, 31, 35, 56, 63, 67, 76, 91, 93, 94]
4 [16, 38, 47, 53, 55, 59, 93, 97]
5 [18, 35, 46, 63, 70, 86, 98, 100]
6 [20, 47, 53, 71, 79, 89, 94]
7 [2, 12, 17, 18, 19, 33, 43, 48, 50, 72, 80, 91, 97]
8 [9, 43, 53, 54, 68, 86]
9 [8, 19, 21, 32, 49, 76, 78, 96]
10 [17, 20, 22, 34, 35, 39, 42, 49, 53, 56]
11 [16, 25, 27, 51, 60, 64, 66, 71, 72, 78, 95]
12 [7, 21, 43, 51, 52, 58, 96, 98]
13 [1, 14, 28, 31, 56, 59, 63, 65, 73, 89, 95]
14 [1, 3, 13, 20, 21, 53, 60, 61, 71, 76]
15 [19, 25, 27, 34, 42, 73, 88, 90]
16 [2, 4, 11, 31, 68, 78]
17 [7, 10, 25, 26, 33, 42, 45, 54, 60, 77, 78, 97]
18 [5, 7, 32, 44, 50, 82, 83, 87, 90]
19 [7, 9, 15, 23, 42]
20 [6, 10, 14, 33, 66, 68, 86, 87, 88, 92, 98]
21 [9, 12, 14, 27, 30, 33, 35, 46, 56, 58, 61, 83, 97, 98]
22 [10, 24, 27, 36, 50, 51, 56, 63, 74, 81, 88, 91, 92, 94, 97]
23 [19, 39, 44, 52, 66, 87]
24 [22, 26, 36, 51, 55, 56, 61, 80, 85]
25 [11, 15, 17, 30, 32, 38, 46, 53, 74, 78, 81, 84, 92]
26 [17, 24, 27, 45, 71, 74, 80]
27 [1, 11, 15, 21, 22, 26, 40, 56, 62, 72, 75, 87, 100]
28 [13, 43, 66, 76, 95]
29 [1, 31, 36, 46, 47, 51, 89, 98]
30 [1, 21, 25, 48, 50, 72, 73, 81, 82, 83, 85, 86, 97]
31 [3, 13, 16, 29, 38, 44, 47, 67, 76, 81, 82, 88]
32 [9, 18, 25, 34, 42, 45, 47, 52, 65, 73, 80, 89, 99]
33 [7, 17, 20, 21, 34, 40, 41, 49, 55, 56, 61, 69, 70, 81]
34 [10, 15, 32, 33, 43, 57, 61, 63, 67, 79, 80, 93]
35 [3, 5, 10, 21, 37, 45, 58, 64, 68, 93, 98]
36 [22, 24, 29, 40, 46, 53, 55, 57, 68, 80]
37 [35, 54, 73, 75, 85, 95, 100]
38 [1, 4, 25, 31, 62, 68]
39 [10, 23, 52, 60, 74, 82, 93]
40 [27, 33, 36, 46, 98]
41 [33, 44, 48, 51, 55, 56, 59, 67, 69, 81, 91, 92]
42 [10, 15, 17, 19, 32, 49, 59, 77, 81, 83, 90]
43 [1, 7, 8, 12, 28, 34, 47, 50, 66, 82, 88]
44 [2, 18, 23, 31, 41, 45, 46, 58, 61, 70, 71, 75, 79, 81, 85, 88, 89]
45 [17, 26, 32, 35, 44, 47, 60, 61, 66, 88, 92]
46 [2, 5, 21, 25, 29, 36, 40, 44, 54, 61, 65, 84, 92, 99]
47 [4, 6, 29, 31, 32, 43, 45, 61, 65, 67, 76, 91]
48 [1, 7, 30, 41, 54, 56, 72, 79, 85]
49 [9, 10, 33, 42, 51, 52, 77, 80, 81, 91]
50 [7, 18, 22, 30, 43, 61, 69, 74]
51 [1, 11, 12, 22, 24, 29, 41, 49, 59, 64, 70, 80, 98, 99]
52 [12, 23, 32, 39, 49, 76, 86, 87]
53 [4, 6, 8, 10, 14, 25, 36, 54, 56, 73, 74, 75, 77, 83, 87, 95]
54 [8, 17, 37, 46, 48, 53, 60, 64, 70, 76, 84]
55 [4, 24, 33, 36, 41, 56, 57, 65, 66, 85, 86, 91]
56 [3, 10, 13, 21, 22, 24, 27, 33, 41, 48, 53, 55, 75, 91, 98]
57 [34, 36, 55, 58, 70, 73, 87, 89, 90, 91]
58 [12, 21, 35, 44, 57, 59, 68, 72]
59 [4, 13, 41, 42, 51, 58, 64, 66, 77, 78, 79, 81, 87, 97, 98]
60 [11, 14, 17, 39, 45, 54, 67, 75, 77, 90]
61 [14, 21, 24, 33, 34, 44, 45, 46, 47, 50, 76, 91]
62 [27, 38, 88, 98]
63 [3, 5, 13, 22, 34, 66, 68, 75, 76, 85, 98]
64 [11, 35, 51, 54, 59, 70, 78, 88, 91, 95]
65 [13, 32, 46, 47, 55, 78, 79, 84, 85, 93]
66 [1, 11, 20, 23, 28, 43, 45, 55, 59, 63, 75, 77, 87, 93, 98]
67 [3, 31, 34, 41, 47, 60, 91]
68 [8, 16, 20, 35, 36, 38, 58, 63, 79, 80, 92, 96, 97]
69 [33, 41, 50, 70, 71, 75, 84, 90, 92, 95]
70 [1, 5, 33, 44, 51, 54, 57, 64, 69, 84, 88]
71 [6, 11, 14, 26, 44, 69, 72, 87, 88, 91]
72 [7, 11, 27, 30, 48, 58, 71, 76, 84, 91, 96, 99]
73 [13, 15, 30, 32, 37, 53, 57, 81, 91, 97, 99]
74 [22, 25, 26, 39, 50, 53, 83, 86]
75 [27, 37, 44, 53, 56, 60, 63, 66, 69, 88, 89, 93]
76 [3, 9, 14, 28, 31, 47, 52, 54, 61, 63, 72]
77 [17, 42, 49, 53, 59, 60, 66, 81, 86, 95]
78 [9, 11, 16, 17, 25, 59, 64, 65, 83]
79 [1, 2, 6, 34, 44, 48, 59, 65, 68, 84, 86, 91, 92]
80 [1, 7, 24, 26, 32, 34, 36, 49, 51, 68, 83, 100]
81 [2, 22, 25, 30, 31, 33, 41, 42, 44, 49, 59, 73, 77, 84]
82 [18, 30, 31, 39, 43, 83, 95]
83 [18, 21, 30, 42, 53, 74, 78, 80, 82, 89, 95]
84 [25, 46, 54, 65, 69, 70, 72, 79, 81, 86, 96]
85 [24, 30, 37, 44, 48, 55, 63, 65]
86 [2, 5, 8, 20, 30, 52, 55, 74, 77, 79, 84, 94]
87 [18, 20, 23, 27, 52, 53, 57, 59, 66, 71, 91, 92, 99]
88 [15, 20, 22, 31, 43, 44, 45, 62, 64, 70, 71, 75, 90]
89 [6, 13, 29, 32, 44, 57, 75, 83]
90 [15, 18, 42, 57, 60, 69, 88, 91]
91 [3, 7, 22, 41, 47, 49, 55, 56, 57, 61, 64, 67, 71, 72, 73, 79, 87, 90, 93, 98]
92 [20, 22, 25, 41, 45, 46, 68, 69, 79, 87]
93 [3, 4, 34, 35, 39, 65, 66, 75, 91]
94 [3, 6, 22, 86, 98]
95 [11, 13, 28, 37, 53, 64, 69, 77, 82, 83]
96 [2, 9, 12, 68, 72, 84, 99]
97 [4, 7, 17, 21, 22, 30, 59, 68, 73]
98 [5, 12, 20, 21, 29, 35, 40, 51, 56, 59, 62, 63, 66, 91, 94]
99 [32, 46, 51, 72, 73, 87, 96]
100 [1, 5, 27, 37, 80]
