ER Model
Parameters:
- p:0.1

1 [6, 10, 13, 26, 33, 35, 37, 45, 47, 49, 57, 61, 66, 79, 100, 109, 112, 118, 120, 126, 132, 137, 146]
2 [13, 29, 37, 39, 49, 72, 73, 84, 102, 105, 107]
3 [11, 23, 36, 52, 63, 79, 82, 106, 116, 120, 134]
4 [12, 35, 55, 58, 59, 148]
5 [21, 48, 61, 71, 73, 80, 82, 86, 94, 95, 99, 109, 115, 126, 130, 136, 146, 148]
6 [1, 13, 15, 23, 28, 36, 69, 72, 76, 85, 98, 99, 101, 106, 117, 118, 127, 131, 137, 139, 150]
7 [8, 13, 24, 27, 33, 34, 51, 73, 74, 83, 87, 93, 96, 141, 145, 147]
8 [7, 11, 17, 41, 51, 52, 57, 59, 61, 74, 79, 91, 102, 106, 112, 114, 134]
9 [15, 25, 36, 43, 48, 49, 50, 52, 53, 64, 70, 72, 73, 102, 110, 132]
10 [1, 13, 19, 42, 46, 47, 56, 65, 79, 83, 89, 91, 95, 116, 125, 131, 139, 140, 143]
11 [3, 8, 15, 26, 68, 81, 101, 102, 103, 118, 132, 137, 145, 146, 150]
12 [4, 13, 16, 21, 31, 50, 64, 76, 81, 89, 93, 102]
13 [1, 2, 6, 7, 10, 12, 34, 37, 54, 61, 66, 93, 102, 110, 118, 121, 133, 134, 138, 140]
14 [28, 42, 62, 64, 82, 92, 97, 114, 118, 130]
15 [6, 9, 11, 26, 31, 51, 55, 61, 63, 64, 66, 69, 72, 82, 85, 138, 147, 148]
16 [12, 19, 22, 23, 55, 63, 64, 66, 67, 71, 92, 94, 105, 114, 124, 140, 149]
17 [8, 44, 53, 76, 80, 82, 87, 99, 114, 118, 130, 132, 136, 137, 141, 149]
18 [27, 55, 80, 97, 108, 129, 137, 145, 147]
19 [10, 16, 30, 35, 36, 40, 83, 106, 140]
20 [24, 26, 56, 59, 95, 136, 142]
21 [5, 12, 31, 34, 35, 39, 41, 43, 44, 59, 66, 79, 93, 111, 116, 144, 148]
22 [16, 26, 34, 38, 45, 50, 51, 56, 58, 106, 125, 126, 131, 132, 138, 149]
23 [3, 6, 16, 27, 33, 41, 56, 87, 93, 101, 105, 110, 141, 143]
24 [7, 20, 25, 28, 32, 37, 42, 59, 66, 83, 94, 108, 114, 122, 131, 140, 142]
25 [9, 24, 40, 45, 64, 70, 72, 74, 75, 84, 116, 119, 136, 148]
26 [1, 11, 15, 20, 22, 27, 42, 46, 58, 62, 65, 71, 85, 92, 112, 118, 136]
27 [7, 18, 23, 26, 31, 43, 55, 64, 75, 85, 94, 98, 107, 109, 113, 121, 128, 132, 133]
28 [6, 14, 24, 39, 44, 66, 78, 86, 88, 91, 122, 137, 148]
29 [2, 39, 41, 49, 52, 66, 75, 79, 103, 114, 121, 148]
30 [19, 81, 84, 90, 91, 92, 97, 104, 106, 110, 123, 129, 142]
31 [12, 15, 21, 27, 32, 38, 42, 43, 60, 63, 66, 69, 79, 82, 97, 99, 104, 111, 126, 142, 147, 149, 150]
32 [24, 31, 33, 51, 61, 63, 69, 70, 73, 79, 85, 106, 108, 110, 142]
33 [1, 7, 23, 32, 46, 47, 48, 55, 85, 87, 108, 112, 125, 131, 134, 147]
34 [7, 13, 21, 22, 37, 42, 60, 68, 74, 80, 87, 96, 143, 148]
35 [1, 4, 19, 21, 36, 53, 54, 63, 91, 101, 102, 115, 118, 122, 125, 128, 132, 135]
36 [3, 6, 9, 19, 35, 67, 69, 80, 122, 125, 126, 131, 132, 145]
37 [1, 2, 13, 24, 34, 40, 42, 55, 62, 70, 72, 74, 92, 94, 100, 115, 122, 130, 147]
38 [22, 31, 49, 55, 80, 92, 102, 105, 108, 112, 116, 120, 123]
39 [2, 21, 28, 29, 45, 50, 67, 101, 116, 123, 134, 135]
40 [19, 25, 37, 42, 60, 68, 87, 89, 103, 107, 124, 127, 142, 144, 149]
41 [8, 21, 23, 29, 44, 46, 47, 52, 57, 79, 89, 95, 103, 119, 123, 130, 139, 145]
42 [10, 14, 24, 26, 31, 34, 37, 40, 80, 110, 114, 116, 119, 133]
43 [9, 21, 27, 31, 49, 81, 83, 111, 116, 118, 144]
44 [17, 21, 28, 41, 52, 59, 74, 112, 116, 120, 131, 133, 145, 150]
45 [1, 22, 25, 39, 47, 51, 63, 78, 80, 90, 109, 123]
46 [10, 26, 33, 41, 52, 64, 66, 91, 94, 126]
47 [1, 10, 33, 41, 45, 48, 67, 77, 92, 93, 94, 95, 99, 122, 145]
48 [5, 9, 33, 47, 58, 61, 86, 89, 91, 94, 100, 104, 106]
49 [1, 2, 9, 29, 38, 43, 79, 94, 98, 99, 104, 108, 122, 134, 135]
50 [9, 12, 22, 39, 62, 64, 67, 72, 81, 86, 99, 105, 113, 134, 148]
51 [7, 8, 15, 22, 32, 45, 72, 73, 93, 99, 113, 120, 127, 135, 143]
52 [3, 8, 9, 29, 41, 44, 46, 61, 64, 90, 91, 120, 127, 129]
53 [9, 17, 35, 73, 98, 101, 107, 108, 115, 116]
54 [13, 35, 58, 81, 87, 96, 105, 112, 113, 121, 135, 145]
55 [4, 15, 16, 18, 27, 33, 37, 38, 60, 81, 87, 93, 100, 121, 127, 132, 145, 148, 149, 150]
56 [10, 20, 22, 23, 67, 68, 73, 83, 93, 102, 103, 112, 116, 117, 137, 150]
57 [1, 8, 41, 80, 81, 83, 101, 112, 121, 122, 144, 147]
58 [4, 22, 26, 48, 54, 74, 79, 82, 90, 91, 97, 107, 108, 113, 117, 120, 122, 138, 149]
59 [4, 8, 20, 21, 24, 44, 63, 67, 68, 74, 83, 85, 95, 111, 128, 136, 140]
60 [31, 34, 40, 55, 63, 68, 77, 79, 83, 89, 95, 99, 115, 117, 121, 124, 144]
61 [1, 5, 8, 13, 15, 32, 48, 52, 86, 90, 96, 99, 107, 114, 116, 118, 119, 128, 130, 136]
62 [14, 26, 37, 50, 84, 88, 113, 124, 135, 138, 142]
63 [3, 15, 16, 31, 32, 35, 45, 59, 60, 70, 71, 78, 90, 103, 109, 111, 129, 133, 143]
64 [9, 12, 14, 15, 16, 25, 27, 46, 50, 52, 70, 78, 104, 111, 112, 116, 135]
65 [10, 26, 74, 80, 98, 104, 115, 132, 138, 141, 149]
66 [1, 13, 15, 16, 21, 24, 28, 29, 31, 46, 78, 98, 110, 129, 134]
67 [16, 36, 39, 47, 50, 56, 59, 73, 85, 94, 104, 107, 108, 112, 118, 122, 130, 136]
68 [11, 34, 40, 56, 59, 60, 118]
69 [6, 15, 31, 32, 36, 76, 84, 94, 99, 109, 137, 140, 141]
70 [9, 25, 32, 37, 63, 64, 79, 110, 111, 116, 117, 119, 128, 134, 139]
71 [5, 16, 26, 63, 77, 85, 103, 110, 117, 150]
72 [2, 6, 9, 15, 25, 37, 50, 51, 78, 89, 106, 127, 143]
73 [2, 5, 7, 9, 32, 51, 53, 56, 67, 105, 114, 132, 145, 148]
74 [7, 8, 25, 34, 37, 44, 58, 59, 65, 80, 88, 109, 114, 117, 120, 127, 142, 143, 150]
75 [25, 27, 29, 84, 85, 89, 124, 136, 140]
76 [6, 12, 17, 69, 82, 90, 92, 95, 109, 114, 127, 128, 137, 150]
77 [47, 60, 71, 83, 101, 106, 132]
78 [28, 45, 63, 64, 66, 72, 80, 89, 97, 106, 115, 126]
79 [1, 3, 8, 10, 21, 29, 31, 32, 41, 49, 58, 60, 70, 87, 114, 131]
80 [5, 17, 18, 34, 36, 38, 42, 45, 57, 65, 74, 78, 92, 104, 105, 106, 107, 119, 125]
81 [11, 12, 30, 43, 50, 54, 55, 57, 90, 102, 103, 122, 128, 143]
82 [3, 5, 14, 15, 17, 31, 58, 76, 84, 88, 90, 93, 107, 108, 111, 112, 133, 135, 139, 147, 149]
83 [7, 10, 19, 24, 43, 56, 57, 59, 60, 77, 102, 105, 130, 131, 134, 139, 145]
84 [2, 25, 30, 62, 69, 75, 82, 85, 87, 98, 102, 107, 117]
85 [6, 15, 26, 27, 32, 33, 59, 67, 71, 75, 84, 96, 102, 149]
86 [5, 28, 48, 50, 61, 89, 91, 95, 107, 110, 117, 119, 121, 123, 125, 129, 134, 150]
87 [7, 17, 23, 33, 34, 40, 54, 55, 79, 84, 90, 96, 107, 113, 115, 123, 133, 142]
88 [28, 62, 74, 82, 92, 99, 102, 105, 120, 128, 143, 150]
89 [10, 12, 40, 41, 48, 60, 72, 75, 78, 86, 99, 103, 116, 128, 134]
90 [30, 45, 52, 58, 61, 63, 76, 81, 82, 87, 91, 98, 107, 124, 129, 130, 133]
91 [8, 10, 28, 30, 35, 46, 48, 52, 58, 86, 90, 102, 106, 119, 122, 126, 128, 143, 147]
92 [14, 16, 26, 30, 37, 38, 47, 76, 80, 88, 94, 97, 110, 115, 125, 142]
93 [7, 12, 13, 21, 23, 47, 51, 55, 56, 82, 112, 136, 142]
94 [5, 16, 24, 27, 37, 46, 47, 48, 49, 67, 69, 92, 95, 98, 111, 115, 139, 142, 147]
95 [5, 10, 20, 41, 47, 59, 60, 76, 86, 94, 115, 131, 140, 144, 147, 149, 150]
96 [7, 34, 54, 61, 85, 87, 117, 139]
97 [14, 18, 30, 31, 58, 78, 92, 103, 137, 144, 148]
98 [6, 27, 49, 53, 65, 66, 84, 90, 94, 100, 116, 141]
99 [5, 6, 17, 31, 47, 49, 50, 51, 60, 61, 69, 88, 89, 100, 109, 116, 123, 131, 136, 142]
100 [1, 37, 48, 55, 98, 99, 111, 124, 127, 133, 139, 142]
101 [6, 11, 23, 35, 39, 53, 57, 77, 104, 123, 127, 137, 145]
102 [2, 8, 9, 11, 12, 13, 35, 38, 56, 81, 83, 84, 85, 88, 91, 112, 120, 144]
103 [11, 29, 40, 41, 56, 63, 71, 81, 89, 97, 129]
104 [30, 31, 48, 49, 64, 65, 67, 80, 101, 127]
105 [2, 16, 23, 38, 50, 54, 73, 80, 83, 88, 112, 119, 123, 142, 146]
106 [3, 6, 8, 19, 22, 30, 32, 48, 72, 77, 78, 80, 91, 133, 134, 145]
107 [2, 27, 40, 53, 58, 61, 67, 80, 82, 84, 86, 87, 90, 109, 110, 117, 118, 120, 126, 132, 135, 139, 140, 142, 143]
108 [18, 24, 32, 33, 38, 49, 53, 58, 67, 82, 117, 121, 124, 148]
109 [1, 5, 27, 45, 63, 69, 74, 76, 99, 107, 119, 121, 128, 140, 141, 143]
110 [9, 13, 23, 30, 32, 42, 66, 70, 71, 86, 92, 107, 112, 124, 138, 146]
111 [21, 31, 43, 59, 63, 64, 70, 82, 94, 100, 125]
112 [1, 8, 26, 33, 38, 44, 54, 56, 57, 64, 67, 82, 93, 102, 105, 110, 118, 123, 131, 138, 140, 145]
113 [27, 50, 51, 54, 58, 62, 87, 141, 143, 147]
114 [8, 14, 16, 17, 24, 29, 42, 61, 73, 74, 76, 79, 115, 132]
115 [5, 35, 37, 53, 60, 65, 78, 87, 92, 94, 95, 114, 116, 119, 124, 132, 137]
116 [3, 10, 21, 25, 38, 39, 42, 43, 44, 53, 56, 61, 64, 70, 89, 98, 99, 115, 123, 129, 140]
117 [6, 56, 58, 60, 70, 71, 74, 84, 86, 96, 107, 108]
118 [1, 6, 11, 13, 14, 17, 26, 35, 43, 61, 67, 68, 107, 112, 135, 144]
119 [25, 41, 42, 61, 70, 80, 86, 91, 105, 109, 115, 120, 137]
120 [1, 3, 38, 44, 51, 52, 58, 74, 88, 102, 107, 119, 133]
121 [13, 27, 29, 54, 55, 57, 60, 86, 108, 109, 132]
122 [24, 28, 35, 36, 37, 47, 49, 57, 58, 67, 81, 91, 123, 124, 129, 150]
123 [30, 38, 39, 41, 45, 86, 87, 99, 101, 105, 112, 116, 122, 124, 134, 136]
124 [16, 40, 60, 62, 75, 90, 100, 108, 110, 115, 122, 123, 146]
125 [10, 22, 33, 35, 36, 80, 86, 92, 111, 131, 134, 135, 142, 144]
126 [1, 5, 22, 31, 36, 46, 78, 91, 107]
127 [6, 40, 51, 52, 55, 72, 74, 76, 100, 101, 104, 131]
128 [27, 35, 59, 61, 70, 76, 81, 88, 89, 91, 109, 131, 135, 136, 139, 147, 149]
129 [18, 30, 52, 63, 66, 86, 90, 103, 116, 122, 131, 142, 150]
130 [5, 14, 17, 37, 41, 61, 67, 83, 90, 143]
131 [6, 10, 22, 24, 33, 36, 44, 79, 83, 95, 99, 112, 125, 127, 128, 129, 139]
132 [1, 9, 11, 17, 22, 27, 35, 36, 55, 65, 73, 77, 107, 114, 115, 121, 140, 142]
133 [13, 27, 42, 44, 63, 82, 87, 90, 100, 106, 120, 135, 141]
134 [3, 8, 13, 33, 39, 49, 50, 66, 70, 83, 86, 89, 106, 123, 125, 148]
135 [35, 39, 49, 51, 54, 62, 64, 82, 107, 118, 125, 128, 133, 142]
136 [5, 17, 20, 25, 26, 59, 61, 67, 75, 93, 99, 123, 128, 137, 142, 147]
137 [1, 6, 11, 17, 18, 28, 56, 69, 76, 97, 101, 115, 119, 136, 148, 150]
138 [13, 15, 22, 58, 62, 65, 110, 112]
139 [6, 10, 41, 70, 82, 83, 94, 96, 100, 107, 128, 131, 143, 148]
140 [10, 13, 16, 19, 24, 59, 69, 75, 95, 107, 109, 112, 116, 132]
141 [7, 17, 23, 65, 69, 98, 109, 113, 133, 145]
142 [20, 24, 30, 31, 32, 40, 62, 74, 87, 92, 93, 94, 99, 100, 105, 107, 125, 129, 132, 135, 136, 146]
143 [10, 23, 34, 51, 63, 72, 74, 81, 88, 91, 107, 109, 113, 130, 139, 147]
144 [21, 40, 43, 57, 60, 95, 97, 102, 118, 125, 146, 150]
145 [7, 11, 18, 36, 41, 44, 47, 54, 55, 73, 83, 101, 106, 112, 141]
146 [1, 5, 11, 105, 110, 124, 142, 144, 149]
147 [7, 15, 18, 31, 33, 37, 57, 82, 91, 94, 95, 113, 128, 136, 143, 148]
148 [4, 5, 15, 21, 25, 28, 29, 34, 50, 55, 73, 97, 108, 134, 137, 139, 147]
149 [16, 17, 22, 31, 40, 55, 58, 65, 82, 85, 95, 128, 146]
150 [6, 11, 31, 44, 55, 56, 71, 74, 76, 86, 88, 95, 122, 129, 137, 144]
