ER Model
Parameters:
- p:0.1

1 [2, 8, 9, 22, 23, 35, 58, 78, 96, 112, 116, 121]
2 [1, 41, 49, 57, 81, 87, 95, 99, 107, 119, 127, 132, 135, 139]
3 [20, 23, 34, 38, 40, 52, 55, 57, 65, 66, 75, 89, 96, 121, 136, 139, 140, 144]
4 [15, 17, 18, 22, 31, 43, 54, 55, 80, 95, 98, 110, 127, 135, 140, 145]
5 [11, 17, 21, 29, 50, 54, 87, 90, 93, 97, 126, 135, 137]
6 [19, 26, 33, 37, 43, 54, 76, 78, 110, 114, 125, 130, 138, 144, 147, 149, 150]
7 [8, 21, 37, 40, 43, 67, 70, 80, 93, 94, 106, 117, 123, 128, 130, 136, 142]
8 [1, 7, 9, 16, 30, 42, 43, 67, 71, 73, 81, 100, 103, 104, 106, 108, 120, 150]
9 [1, 8, 10, 24, 35, 42, 80, 88, 104, 105, 114, 121, 124, 133, 144]
10 [9, 19, 20, 23, 38, 95, 101, 110, 121, 139, 141, 144]
11 [5, 43, 51, 57, 68, 72, 82, 85, 98, 102, 128, 132]
12 [14, 18, 20, 37, 39, 48, 53, 57, 64, 65, 66, 80, 81, 110, 111, 112, 141]
13 [15, 19, 29, 33, 38, 44, 45, 59, 65, 71, 92, 133, 139]
14 [12, 21, 33, 41, 46, 69, 79, 88, 106, 109, 121, 128, 134, 142, 148]
15 [4, 13, 16, 32, 37, 39, 40, 51, 52, 61, 71, 72, 81, 86, 91, 95, 112, 123, 126, 129, 136]
16 [8, 15, 17, 24, 33, 34, 49, 58, 79, 111, 134, 141, 142, 149]
17 [4, 5, 16, 21, 33, 34, 48, 62, 90, 116, 119, 120, 129, 130]
18 [4, 12, 23, 31, 71, 74, 77, 83, 110, 115, 117, 123, 128, 142]
19 [6, 10, 13, 24, 28, 34, 42, 47, 52, 54, 57, 58, 76, 86, 94, 97, 113, 114, 116, 126, 127, 133, 135, 145]
20 [3, 10, 12, 25, 27, 29, 31, 42, 53, 58, 63, 65, 73, 78, 90, 108, 119, 125, 129, 143]
21 [5, 7, 14, 17, 22, 30, 32, 35, 36, 55, 62, 64, 68, 69, 80, 98, 107, 114, 126, 140]
22 [1, 4, 21, 23, 26, 88, 93, 112, 114, 119]
23 [1, 3, 10, 18, 22, 38, 39, 44, 46, 54, 56, 73, 78, 81, 89, 93, 99, 102, 107, 113, 118, 136, 138, 143]
24 [9, 16, 19, 33, 39, 81, 88, 98, 101, 114, 130, 146, 148, 149]
25 [20, 51, 54, 76, 85, 89, 102, 131, 136, 142, 149]
26 [6, 22, 46, 55, 61, 97, 100, 118, 121, 122, 124, 128, 146, 149]
27 [20, 29, 31, 34, 37, 41, 43, 46, 48, 50, 51, 53, 65, 67, 77, 82, 93, 95, 116, 118]
28 [19, 34, 42, 46, 49, 54, 57, 75, 79, 95, 111, 118, 119, 122, 146]
29 [5, 13, 20, 27, 41, 42, 51, 56, 86, 102, 103, 110, 113, 122, 148]
30 [8, 21, 32, 38, 42, 50, 66, 83, 99, 101, 103, 125, 127, 137, 148]
31 [4, 18, 20, 27, 48, 75, 78, 80, 92, 93, 94, 95, 96, 101, 128, 138, 142, 144, 145]
32 [15, 21, 30, 44, 54, 66, 74, 75, 77, 80, 86, 121, 131, 138, 142, 146]
33 [6, 13, 14, 16, 17, 24, 47, 53, 56, 71, 75, 76, 85, 94, 111, 113, 116, 119, 123, 126, 130, 135, 137, 147]
34 [3, 16, 17, 19, 27, 28, 75, 97, 111, 122, 126, 145]
35 [1, 9, 21, 38, 42, 44, 57, 61, 65, 67, 70, 104, 119, 143, 147]
36 [21, 38, 41, 42, 45, 48, 54, 55, 68, 73, 90, 124, 131, 134, 135, 145, 149]
37 [6, 7, 12, 15, 27, 51, 77, 89, 93, 96, 99, 102, 104, 121, 125]
38 [3, 10, 13, 23, 30, 35, 36, 62, 72, 73, 117, 124, 126, 129, 131, 135]
39 [12, 15, 23, 24, 43, 51, 82, 87, 94, 102, 106, 138, 149]
40 [3, 7, 15, 41, 45, 49, 50, 70, 94, 96, 114, 133]
41 [2, 14, 27, 29, 36, 40, 48, 49, 53, 60, 67, 75, 82, 86, 87, 92, 102, 110, 115, 122, 135]
42 [8, 9, 19, 20, 28, 29, 30, 35, 36, 50, 57, 62, 65, 76, 84, 141, 146]
43 [4, 6, 7, 8, 11, 27, 39, 57, 82, 84, 102, 105, 129, 133]
44 [13, 23, 32, 35, 56, 60, 67, 81, 114, 129]
45 [13, 36, 40, 46, 48, 52, 61, 69, 78, 85, 89, 103, 122, 127, 133]
46 [14, 23, 26, 27, 28, 45, 91, 108, 110, 120, 122, 132, 142]
47 [19, 33, 65, 102, 113, 128, 139]
48 [12, 17, 27, 31, 36, 41, 45, 50, 57, 58, 67, 68, 86, 91, 98, 100, 111, 115, 148]
49 [2, 16, 28, 40, 41, 58, 63, 82, 107, 117, 125, 126, 135, 149]
50 [5, 27, 30, 40, 42, 48, 74, 80, 82, 94, 105, 113, 125]
51 [11, 15, 25, 27, 29, 37, 39, 70, 84, 99, 129]
52 [3, 15, 19, 45, 65, 72, 96, 97, 116, 117, 126, 134, 135, 137, 138, 144, 149]
53 [12, 20, 27, 33, 41, 66, 71, 73, 80, 90, 91, 122, 129]
54 [4, 5, 6, 19, 23, 25, 28, 32, 36, 71, 72, 100, 110, 113, 119, 131]
55 [3, 4, 21, 26, 36, 64, 70, 78, 81, 84, 97, 106, 108, 112, 114, 118, 128, 133, 142, 146]
56 [23, 29, 33, 44, 71, 72, 87, 90, 148]
57 [2, 3, 11, 12, 19, 28, 35, 42, 43, 48, 58, 61, 62, 65, 75, 81, 84, 90, 106, 112, 123, 127, 128, 147]
58 [1, 16, 19, 20, 48, 49, 57, 105, 118, 131, 136]
59 [13, 63, 65, 69, 73, 75, 86, 99, 108, 112, 130, 143, 146]
60 [41, 44, 64, 77, 79, 107, 130, 133, 135, 139]
61 [15, 26, 35, 45, 57, 62, 76, 109, 123, 128, 134, 142, 145, 147, 149, 150]
62 [17, 21, 38, 42, 57, 61, 64, 70, 99, 100, 108, 112, 117, 124, 128]
63 [20, 49, 59, 83, 94, 129, 136, 141, 145]
64 [12, 21, 55, 60, 62, 69, 81, 82, 90, 95, 102, 110, 113, 128, 129, 138, 139]
65 [3, 12, 13, 20, 27, 35, 42, 47, 52, 57, 59, 87, 95, 96, 97, 110, 112, 116, 123, 136, 148]
66 [3, 12, 30, 32, 53, 89, 90, 96]
67 [7, 8, 27, 35, 41, 44, 48, 99, 100, 106, 107]
68 [11, 21, 36, 48, 88, 94, 96, 108, 116, 123, 134, 141]
69 [14, 21, 45, 59, 64, 74, 80, 89, 91, 100, 108, 117, 127, 145, 147]
70 [7, 35, 40, 51, 55, 62, 75, 86, 88, 94, 100, 104, 106, 110, 123, 124, 129, 132, 139]
71 [8, 13, 15, 18, 33, 53, 54, 56, 88, 95, 100, 117, 124, 128, 144]
72 [11, 15, 38, 52, 54, 56, 79, 86, 89, 91, 95, 101, 119, 141]
73 [8, 20, 23, 36, 38, 53, 59, 74, 103, 136, 142]
74 [18, 32, 50, 69, 73, 82, 96, 124, 140, 143]
75 [3, 28, 31, 32, 33, 34, 41, 57, 59, 70, 77, 87, 88, 93, 132, 150]
76 [6, 19, 25, 33, 42, 61, 82, 92, 109, 114, 123, 126, 131]
77 [18, 27, 32, 37, 60, 75, 88, 91, 96, 97, 100, 110, 116, 121, 132, 140, 148]
78 [1, 6, 20, 23, 31, 45, 55, 100, 115, 137]
79 [14, 16, 28, 60, 72, 82, 88, 103, 107, 108, 138]
80 [4, 7, 9, 12, 21, 31, 32, 50, 53, 69, 94, 95, 100, 103, 119, 139, 147]
81 [2, 8, 12, 15, 23, 24, 44, 55, 57, 64, 83, 95, 108, 113, 114, 117, 130, 133, 137, 138]
82 [11, 27, 39, 41, 43, 49, 50, 64, 74, 76, 79, 105, 106, 116]
83 [18, 30, 63, 81, 85, 90, 104, 108, 121, 124]
84 [42, 43, 51, 55, 57, 105, 109, 112, 126, 135, 149]
85 [11, 25, 33, 45, 83, 93, 99, 106, 139]
86 [15, 19, 29, 32, 41, 48, 59, 70, 72, 88, 92, 109, 111, 114, 115, 142, 149]
87 [2, 5, 39, 41, 56, 65, 75, 88, 119, 122, 149]
88 [9, 14, 22, 24, 68, 70, 71, 75, 77, 79, 86, 87, 92, 103, 135, 143, 147]
89 [3, 23, 25, 37, 45, 66, 69, 72, 94, 101, 102, 104, 107, 108, 120, 126, 133]
90 [5, 17, 20, 36, 53, 56, 57, 64, 66, 83, 125, 136, 137, 139, 144, 146, 148]
91 [15, 46, 48, 53, 69, 72, 77, 92, 114, 131, 133, 146]
92 [13, 31, 41, 76, 86, 88, 91, 95, 109, 133, 146]
93 [5, 7, 22, 23, 27, 31, 37, 75, 85, 107, 108, 120, 124, 136, 145]
94 [7, 19, 31, 33, 39, 40, 50, 63, 68, 70, 80, 89, 95, 101, 104, 110, 136, 138]
95 [2, 4, 10, 15, 27, 28, 31, 64, 65, 71, 72, 80, 81, 92, 94, 125]
96 [1, 3, 31, 37, 40, 52, 65, 66, 68, 74, 77, 107, 115, 116, 121, 124, 129, 132, 142, 146]
97 [5, 19, 26, 34, 52, 55, 65, 77, 99, 107, 115, 126, 133, 139, 141, 143]
98 [4, 11, 21, 24, 48, 104, 150]
99 [2, 23, 30, 37, 51, 59, 62, 67, 85, 97, 109, 117, 118, 121, 125, 129, 136]
100 [8, 26, 48, 54, 62, 67, 69, 70, 71, 77, 78, 80, 122, 146]
101 [10, 24, 30, 31, 72, 89, 94, 126, 136, 141, 150]
102 [11, 23, 25, 29, 37, 39, 41, 43, 47, 64, 89, 122, 129, 150]
103 [8, 29, 30, 45, 73, 79, 80, 88, 117, 130, 134, 137, 147]
104 [8, 9, 35, 37, 70, 83, 89, 94, 98, 106, 124, 131, 138]
105 [9, 43, 50, 58, 82, 84, 120]
106 [7, 8, 14, 39, 55, 57, 67, 70, 82, 85, 104, 138]
107 [2, 21, 23, 49, 60, 67, 79, 89, 93, 96, 97, 112, 114, 115, 124, 128, 132, 143, 147]
108 [8, 20, 46, 55, 59, 62, 68, 69, 79, 81, 83, 89, 93, 113, 116, 126, 139, 145]
109 [14, 61, 76, 84, 86, 92, 99, 111, 116, 119, 134, 136]
110 [4, 6, 10, 12, 18, 29, 41, 46, 54, 64, 65, 70, 77, 94, 126, 130, 131, 140]
111 [12, 16, 28, 33, 34, 48, 86, 109, 119, 130, 146, 147]
112 [1, 12, 15, 22, 55, 57, 59, 62, 65, 84, 107, 124, 134, 143, 145]
113 [19, 23, 29, 33, 47, 50, 54, 64, 81, 108, 125, 129, 146]
114 [6, 9, 19, 21, 22, 24, 40, 44, 55, 76, 81, 86, 91, 107, 117, 124, 137]
115 [18, 41, 48, 78, 86, 96, 97, 107, 128, 129, 137, 141, 142, 147]
116 [1, 17, 19, 27, 33, 52, 65, 68, 77, 82, 96, 108, 109, 123, 124, 128, 131, 146]
117 [7, 18, 38, 49, 52, 62, 69, 71, 81, 99, 103, 114, 122, 137]
118 [23, 26, 27, 28, 55, 58, 99, 129, 135, 139, 147]
119 [2, 17, 20, 22, 28, 33, 35, 54, 72, 80, 87, 109, 111, 133, 140, 143]
120 [8, 17, 46, 89, 93, 105, 132, 134, 138, 142, 143, 144, 145]
121 [1, 3, 9, 10, 14, 26, 32, 37, 77, 83, 96, 99, 128, 133, 146, 150]
122 [26, 28, 29, 34, 41, 45, 46, 53, 87, 100, 102, 117, 137, 143]
123 [7, 15, 18, 33, 57, 61, 65, 68, 70, 76, 116, 131, 132, 138, 144]
124 [9, 26, 36, 38, 62, 70, 71, 74, 83, 93, 96, 104, 107, 112, 114, 116, 126, 135, 143, 147, 148]
125 [6, 20, 30, 37, 49, 50, 90, 95, 99, 113, 129, 132, 137, 139]
126 [5, 15, 19, 21, 33, 34, 38, 49, 52, 76, 84, 89, 97, 101, 108, 110, 124, 149]
127 [2, 4, 19, 30, 45, 57, 69, 136]
128 [7, 11, 14, 18, 26, 31, 47, 55, 57, 61, 62, 64, 71, 107, 115, 116, 121, 130, 133, 150]
129 [15, 17, 20, 38, 43, 44, 51, 53, 63, 64, 70, 96, 99, 102, 113, 115, 118, 125, 139, 146]
130 [6, 7, 17, 24, 33, 59, 60, 81, 103, 110, 111, 128, 133, 141, 150]
131 [25, 32, 36, 38, 54, 58, 76, 91, 104, 110, 116, 123, 136]
132 [2, 11, 46, 70, 75, 77, 96, 107, 120, 123, 125, 139, 142, 148]
133 [9, 13, 19, 40, 43, 45, 55, 60, 81, 89, 91, 92, 97, 119, 121, 128, 130, 135]
134 [14, 16, 36, 52, 61, 68, 103, 109, 112, 120, 141, 145, 147, 148]
135 [2, 4, 5, 19, 33, 36, 38, 41, 49, 52, 60, 84, 88, 118, 124, 133]
136 [3, 7, 15, 23, 25, 58, 63, 65, 73, 90, 93, 94, 99, 101, 109, 127, 131, 138, 144]
137 [5, 30, 33, 52, 78, 81, 90, 103, 114, 115, 117, 122, 125]
138 [6, 23, 31, 32, 39, 52, 64, 79, 81, 94, 104, 106, 120, 123, 136]
139 [2, 3, 10, 13, 47, 60, 64, 70, 80, 85, 90, 97, 108, 118, 125, 129, 132, 142, 146, 149, 150]
140 [3, 4, 21, 74, 77, 110, 119]
141 [10, 12, 16, 42, 63, 68, 72, 97, 101, 115, 130, 134]
142 [7, 14, 16, 18, 25, 31, 32, 46, 55, 61, 73, 86, 96, 115, 120, 132, 139]
143 [20, 23, 35, 59, 74, 88, 97, 107, 112, 119, 120, 122, 124, 149]
144 [3, 6, 9, 10, 31, 52, 71, 90, 120, 123, 136]
145 [4, 19, 31, 34, 36, 61, 63, 69, 93, 108, 112, 120, 134]
146 [24, 26, 28, 32, 42, 55, 59, 90, 91, 92, 96, 100, 111, 113, 116, 121, 129, 139]
147 [6, 33, 35, 57, 61, 69, 80, 88, 103, 107, 111, 115, 118, 124, 134, 150]
148 [14, 24, 29, 30, 48, 56, 65, 77, 90, 124, 132, 134, 150]
149 [6, 16, 24, 25, 26, 36, 39, 49, 52, 61, 84, 86, 87, 126, 139, 143]
150 [6, 8, 61, 75, 98, 101, 102, 121, 128, 130, 139, 147, 148]
