ER Model
Parameters:
- p:0.1

1 [4, 7, 13, 28, 36]
2 [10, 19]
3 [16, 39, 49]
4 [1, 14, 19, 34, 38]
5 [8, 17, 24, 29, 31, 34, 42, 48]
6 [13, 19, 22, 39, 47]
7 [1, 19, 48]
8 [5, 44, 45]
9 [14, 23]
10 [2, 14, 25]
11 [13]
12 [23, 29, 45, 46, 48, 50]
13 [1, 6, 11, 15, 18, 28, 48]
14 [4, 9, 10, 19, 25]
15 [13, 39, 46]
16 [3, 19, 24, 45]
17 [5, 19, 36]
18 [13, 32, 35, 41, 43]
19 [2, 4, 6, 7, 14, 16, 17, 36, 50]
20 [30, 41]
21 [24, 41]
22 [6, 25, 42]
23 [9, 12, 27, 32, 35, 39, 41, 43, 44]
24 [5, 16, 21, 34, 35, 39, 44]
25 [10, 14, 22, 27, 28, 33, 49]
26 [40, 41, 46]
27 [23, 25, 30, 34, 50]
28 [1, 13, 25, 32, 38, 39, 43]
29 [5, 12, 35, 45]
30 [20, 27, 35, 37]
31 [5, 45]
32 [18, 23, 28, 33, 42]
33 [25, 32, 34, 48]
34 [4, 5, 24, 27, 33, 38, 40, 49]
35 [18, 23, 24, 29, 30, 47]
36 [1, 17, 19, 37, 40, 41]
37 [30, 36, 38, 46]
38 [4, 28, 34, 37]
39 [3, 6, 15, 23, 24, 28, 44, 49]
40 [26, 34, 36, 41, 50]
41 [18, 20, 21, 23, 26, 36, 40, 50]
42 [5, 22, 32]
43 [18, 23, 28]
44 [8, 23, 24, 39]
45 [8, 12, 16, 29, 31, 48, 50]
46 [12, 15, 26, 37]
47 [6, 35]
48 [5, 7, 12, 13, 33, 45]
49 [3, 25, 34, 39, 50]
50 [12, 19, 27, 40, 41, 45, 49]
