ER Model
Parameters:
- p:0.1

1 [6, 7, 17, 22, 38, 47]
2 [9, 10, 14, 31, 47]
3 [4, 15, 28, 45]
4 [3, 17, 26, 43, 44, 50]
5 [6, 7, 15, 36, 41, 48]
6 [1, 5, 40, 42, 44, 50]
7 [1, 5, 14, 18, 29]
8 [14, 21, 25, 50]
9 [2, 12, 18, 32, 33, 43]
10 [2, 12, 15, 16, 18, 23, 47]
11 [20, 31, 34]
12 [9, 10, 13]
13 [12, 18, 45, 50]
14 [2, 7, 8, 18, 23, 24, 36]
15 [3, 5, 10, 19, 20, 33, 34, 38, 39, 42, 45, 49, 50]
16 [10, 19, 22]
17 [1, 4, 21, 38, 45, 48]
18 [7, 9, 10, 13, 14, 21, 28, 38]
19 [15, 16, 20, 38, 40, 49]
20 [11, 15, 19, 44]
21 [8, 17, 18, 31, 36, 44, 47]
22 [1, 16, 36, 38, 41, 47, 49]
23 [10, 14, 37, 38]
24 [14, 29, 31, 32, 42]
25 [8, 44, 47]
26 [4, 30, 36, 42]
27 [28, 35, 41, 49]
28 [3, 18, 27, 31, 46]
29 [7, 24, 32]
30 [26, 32, 34, 37, 46, 47]
31 [2, 11, 21, 24, 28]
32 [9, 24, 29, 30]
33 [9, 15, 34, 40]
34 [11, 15, 30, 33]
35 [27, 44, 50]
36 [5, 14, 21, 22, 26]
37 [23, 30]
38 [1, 15, 17, 18, 19, 22, 23, 46]
39 [15, 42, 49]
40 [6, 19, 33, 42, 48, 49]
41 [5, 22, 27, 47]
42 [6, 15, 24, 26, 39, 40, 45]
43 [4, 9]
44 [4, 6, 20, 21, 25, 35, 48]
45 [3, 13, 15, 17, 42, 46]
46 [28, 30, 38, 45]
47 [1, 2, 10, 21, 22, 25, 30, 41]
48 [5, 17, 40, 44]
49 [15, 19, 22, 27, 39, 40]
50 [4, 6, 8, 13, 15, 35]
