ER Model
Parameters:
- p:0.1

1 [8, 10, 19, 28, 35, 44, 47, 57, 64, 67, 70, 87]
2 [15, 19, 50, 65, 66, 67, 79, 96]
3 [38, 44, 66]
4 [15, 38, 53, 57, 59, 66, 79, 90, 91]
5 [34, 35, 36, 49, 72, 76, 83, 97]
6 [12, 15, 26, 62, 69, 77, 88, 94, 95]
7 [12, 16, 49, 53, 76, 83, 87, 90, 93]
8 [1, 10, 14, 38, 60, 62, 65, 70, 71, 75, 82, 96, 98]
9 [17, 31, 36, 38, 44, 50, 54, 59, 64, 69, 79, 92, 95, 97, 99]
10 [1, 8, 12, 13, 32, 36, 40, 55, 60, 61, 75, 86, 87, 94]
11 [22, 23, 30, 31, 33, 54, 75, 85, 95, 97]
12 [6, 7, 10, 34, 51, 52, 58, 77, 90]
13 [10, 16, 35, 42, 43, 48, 53, 59, 65, 68, 71, 76, 78, 80, 82, 98]
14 [8, 16, 21, 30, 38, 40, 42, 58, 79, 81, 82, 84, 86, 87]
15 [2, 4, 6, 18, 21, 23, 29, 30, 38, 46, 50, 63, 69, 90, 93]
16 [7, 13, 14, 35, 43, 45, 49, 52, 54, 68, 79, 93]
17 [9, 26, 27, 32, 33, 49, 53, 58, 65, 75, 83]
18 [15, 20, 25, 31, 39, 40, 43, 66, 67, 77, 83, 93, 100]
19 [1, 2, 20, 22, 25, 44, 48, 50, 58, 64, 66, 85, 87, 94]
20 [18, 19, 35, 62, 81, 86]
21 [14, 15, 26, 38, 61, 68, 82, 91, 93]
22 [11, 19, 75, 87, 88, 93, 94, 99]
23 [11, 15, 26, 34, 35, 39, 55, 59, 67, 78, 79, 83, 90, 94]
24 [37, 38, 41, 43, 48, 65, 80, 81, 82, 84, 93]
25 [18, 19, 34, 44, 61, 66, 98]
26 [6, 17, 21, 23, 55, 88]
27 [17, 31, 48, 52, 54, 72, 95]
28 [1, 37, 40, 49, 53, 62, 68, 69, 96]
29 [15, 42, 48, 49, 51, 54, 64, 67, 78, 80, 91]
30 [11, 14, 15, 41, 43, 46, 67, 77, 94, 96]
31 [9, 11, 18, 27, 38, 40, 49, 51, 53, 68, 73, 74, 75, 93, 94]
32 [10, 17, 36, 45, 47, 54, 57, 62, 63, 65, 68, 70, 84, 97]
33 [11, 17, 37, 46, 69, 73, 85, 100]
34 [5, 12, 23, 25, 38, 58, 77]
35 [1, 5, 13, 16, 20, 23, 39, 40, 46, 52, 59, 67, 93]
36 [5, 9, 10, 32, 40, 46, 70, 74, 76, 98]
37 [24, 28, 33, 75, 79, 88]
38 [3, 4, 8, 9, 14, 15, 21, 24, 31, 34, 46, 55, 68, 77, 85, 87]
39 [18, 23, 35, 44, 73, 74, 86, 90, 91]
40 [10, 14, 18, 28, 31, 35, 36, 46, 90, 98]
41 [24, 30, 43, 48, 50, 89, 94]
42 [13, 14, 29, 44, 53, 54, 55, 62, 77, 82]
43 [13, 16, 18, 24, 30, 41, 44, 68]
44 [1, 3, 9, 19, 25, 39, 42, 43, 93, 97]
45 [16, 32, 57, 81, 96]
46 [15, 30, 33, 35, 36, 38, 40, 58, 67, 77, 81, 82, 98]
47 [1, 32, 49, 52, 65, 71, 74, 93]
48 [13, 19, 24, 27, 29, 41, 61, 69, 71, 73, 74, 78, 79, 82, 86]
49 [5, 7, 16, 17, 28, 29, 31, 47, 65, 66, 68, 86, 97]
50 [2, 9, 15, 19, 41, 70, 75, 82, 93]
51 [12, 29, 31, 59, 87, 92, 97]
52 [12, 16, 27, 35, 47, 55, 56, 68]
53 [4, 7, 13, 17, 28, 31, 42, 69, 85, 88, 92]
54 [9, 11, 16, 27, 29, 32, 42, 63, 64, 94]
55 [10, 23, 26, 38, 42, 52, 87]
56 [52, 67, 83, 88, 93]
57 [1, 4, 32, 45, 64, 75, 79, 87, 90, 95, 99]
58 [12, 14, 17, 19, 34, 46, 78, 86, 88, 95]
59 [4, 9, 13, 23, 35, 51, 73, 80]
60 [8, 10, 65]
61 [10, 21, 25, 48, 73, 82, 88, 90, 92, 98, 99, 100]
62 [6, 8, 20, 28, 32, 42, 95]
63 [15, 32, 54, 72, 85, 86, 93, 95, 98]
64 [1, 9, 19, 29, 54, 57, 70, 74, 81, 83]
65 [2, 8, 13, 17, 24, 32, 47, 49, 60, 68, 69, 80, 89, 98]
66 [2, 3, 4, 18, 19, 25, 49, 79, 80, 82, 85]
67 [1, 2, 18, 23, 29, 30, 35, 46, 56, 77, 81, 85]
68 [13, 16, 21, 28, 31, 32, 38, 43, 49, 52, 65, 79, 84, 89, 93]
69 [6, 9, 15, 28, 33, 48, 53, 65, 83]
70 [1, 8, 32, 36, 50, 64, 78, 97, 100]
71 [8, 13, 47, 48, 73, 91, 97]
72 [5, 27, 63, 81]
73 [31, 33, 39, 48, 59, 61, 71, 77, 94, 96]
74 [31, 36, 39, 47, 48, 64, 82, 87, 88, 91]
75 [8, 10, 11, 17, 22, 31, 37, 50, 57]
76 [5, 7, 13, 36, 94]
77 [6, 12, 18, 30, 34, 38, 42, 46, 67, 73, 78, 93, 95]
78 [13, 23, 29, 48, 58, 70, 77, 83, 87, 90]
79 [2, 4, 9, 14, 16, 23, 37, 48, 57, 66, 68, 84, 88]
80 [13, 24, 29, 59, 65, 66, 95]
81 [14, 20, 24, 45, 46, 64, 67, 72]
82 [8, 13, 14, 21, 24, 42, 46, 48, 50, 61, 66, 74, 88]
83 [5, 7, 17, 18, 23, 56, 64, 69, 78, 91, 94]
84 [14, 24, 32, 68, 79, 87, 88, 97]
85 [11, 19, 33, 38, 53, 63, 66, 67, 88, 92, 93]
86 [10, 14, 20, 39, 48, 49, 58, 63, 88, 100]
87 [1, 7, 10, 14, 19, 22, 38, 51, 55, 57, 74, 78, 84]
88 [6, 22, 26, 37, 53, 56, 58, 61, 74, 79, 82, 84, 85, 86]
89 [41, 65, 68, 90, 96]
90 [4, 7, 12, 15, 23, 39, 40, 57, 61, 78, 89]
91 [4, 21, 29, 39, 71, 74, 83, 96, 98]
92 [9, 51, 53, 61, 85, 96]
93 [7, 15, 16, 18, 21, 22, 24, 31, 35, 44, 47, 50, 56, 63, 68, 77, 85]
94 [6, 10, 19, 22, 23, 30, 31, 41, 54, 73, 76, 83, 96, 97]
95 [6, 9, 11, 27, 57, 58, 62, 63, 77, 80, 97, 98, 100]
96 [2, 8, 28, 30, 45, 73, 89, 91, 92, 94]
97 [5, 9, 11, 32, 44, 49, 51, 70, 71, 84, 94, 95]
98 [8, 13, 25, 36, 40, 46, 61, 63, 65, 91, 95]
99 [9, 22, 57, 61]
100 [18, 33, 61, 70, 86, 95]
