ER Model
Parameters:
- p:0.1

1 [33, 35, 40]
2 [18, 22, 32, 46, 48]
3 [9, 16, 32, 38, 41, 48]
4 [23]
5 [21, 27]
6 [28, 29, 30, 37, 42]
7 [16, 24, 50]
8 [24, 35, 36, 43, 44]
9 [3, 24, 32]
10 [13, 18, 25, 33, 41, 42]
11 [32, 33, 39, 46, 49, 50]
12 [13, 19, 32, 43]
13 [10, 12, 14, 24, 46]
14 [13, 21]
15 [22, 36, 42, 47, 49]
16 [3, 7]
17 [24, 28, 40, 43, 47, 48]
18 [2, 10, 23, 29, 30, 40]
19 [12, 20, 23, 25, 33, 38, 39, 48]
20 [19, 23, 27, 43]
21 [5, 14, 22, 34, 36]
22 [2, 15, 21, 30, 32, 33, 37, 44, 47]
23 [4, 18, 19, 20]
24 [7, 8, 9, 13, 17, 25, 30, 46]
25 [10, 19, 24, 41, 43, 44, 45]
26 [36]
27 [5, 20]
28 [6, 17, 44, 49]
29 [6, 18, 31, 48, 50]
30 [6, 18, 22, 24, 35, 37, 38]
31 [29, 32, 39, 44]
32 [2, 3, 9, 11, 12, 22, 31, 44]
33 [1, 10, 11, 19, 22, 37]
34 [21, 42]
35 [1, 8, 30, 40, 44, 49, 50]
36 [8, 15, 21, 26]
37 [6, 22, 30, 33, 44]
38 [3, 19, 30, 40]
39 [11, 19, 31, 48, 50]
40 [1, 17, 18, 35, 38, 46]
41 [3, 10, 25, 42]
42 [6, 10, 15, 34, 41]
43 [8, 12, 17, 20, 25]
44 [8, 22, 25, 28, 31, 32, 35, 37]
45 [25]
46 [2, 11, 13, 24, 40, 48]
47 [15, 17, 22, 49]
48 [2, 3, 17, 19, 29, 39, 46]
49 [11, 15, 28, 35, 47]
50 [7, 11, 29, 35, 39]
