ER Model
Parameters:
- p:0.1

1 [3, 14, 21, 31, 32, 69, 91, 95, 97]
2 [5, 28, 41, 59, 67, 75, 93]
3 [1, 19, 31, 43, 56, 57, 65, 69, 75, 80, 87, 89, 90]
4 [16, 22, 23, 27, 44, 49, 82, 83, 88, 100]
5 [2, 19, 26, 34, 54, 55, 67, 69, 71, 76, 81, 93, 99]
6 [31, 49, 50, 55, 56, 71, 84, 88]
7 [25, 41, 52, 65, 69, 78, 89, 97]
8 [19, 25, 27, 41, 47, 86]
9 [28, 40, 50, 57, 63, 64, 74, 85]
10 [14, 20, 28, 30, 31, 46, 49, 55, 63, 74, 87]
11 [21, 39, 44, 46, 67, 69, 79]
12 [19, 35, 38, 42, 62, 83, 85, 88, 91, 99]
13 [19, 20, 42, 44, 50, 51, 52, 56, 58, 69, 74]
14 [1, 10, 35, 46, 49, 52, 58, 59, 61, 63]
15 [27, 50, 58, 63, 66, 79, 82, 83, 98]
16 [4, 22, 24, 26, 34, 40, 49, 51, 53, 58, 61, 64, 78, 99]
17 [21, 22, 31, 45, 46, 49, 54, 55, 61]
18 [25, 32, 48, 70, 75, 84, 92, 98]
19 [3, 5, 8, 12, 13, 24, 37, 44, 45, 48, 60, 61, 88]
20 [10, 13, 23, 31, 33, 36, 52, 65, 70, 75, 78, 84, 88]
21 [1, 11, 17, 28, 60, 81, 96]
22 [4, 16, 17, 31, 44, 50, 83, 88]
23 [4, 20, 33, 36, 52, 60, 62, 63, 91, 98]
24 [16, 19, 54, 60, 80, 96]
25 [7, 8, 18, 33, 35, 50, 51, 56, 64, 76, 100]
26 [5, 16, 32, 54, 63, 75, 80, 84]
27 [4, 8, 15, 29, 56, 63, 72, 78, 83, 92, 94, 96]
28 [2, 9, 10, 21, 48, 54, 56, 74, 78, 88, 92]
29 [27, 54, 70, 71, 87, 100]
30 [10, 32, 45, 49, 87]
31 [1, 3, 6, 10, 17, 20, 22, 39, 42, 53, 58, 73, 100]
32 [1, 18, 26, 30, 37, 51, 60, 61, 67, 74, 78, 90]
33 [20, 23, 25, 40, 48, 53, 58, 62, 83, 93]
34 [5, 16, 38, 39, 40, 46, 54, 62, 78, 88]
35 [12, 14, 25, 52, 65, 71, 77, 86, 92, 95]
36 [20, 23, 46, 58, 64, 84, 92, 96]
37 [19, 32, 40, 45, 56, 65, 66, 73, 87, 89]
38 [12, 34, 49, 55, 64, 77, 78, 84, 97, 100]
39 [11, 31, 34, 70, 74, 75, 98]
40 [9, 16, 33, 34, 37, 42, 47, 50, 75, 77, 90, 98]
41 [2, 7, 8, 52, 62, 89, 92, 93, 96, 99]
42 [12, 13, 31, 40, 48, 50, 52, 63, 65, 85, 86, 96]
43 [3, 56, 59, 76, 94, 100]
44 [4, 11, 13, 19, 22, 57, 59, 60, 64, 67, 71, 78, 80, 83, 98]
45 [17, 19, 30, 37, 55, 59, 67, 82, 83, 87, 92, 95]
46 [10, 11, 14, 17, 34, 36, 69, 71, 95, 100]
47 [8, 40, 71, 79, 84, 97]
48 [18, 19, 28, 33, 42, 72, 73, 74, 90, 91]
49 [4, 6, 10, 14, 16, 17, 30, 38, 51, 61, 64, 71, 76, 88, 97]
50 [6, 9, 13, 15, 22, 25, 40, 42, 53, 59, 63, 68, 78, 87, 96]
51 [13, 16, 25, 32, 49, 59, 61, 68, 83]
52 [7, 13, 14, 20, 23, 35, 41, 42, 75, 81, 82, 90, 97, 100]
53 [16, 31, 33, 50, 61, 74, 83, 88, 90]
54 [5, 17, 24, 26, 28, 29, 34, 76, 82, 91, 94]
55 [5, 6, 10, 17, 38, 45, 97]
56 [3, 6, 13, 25, 27, 28, 37, 43, 61, 63, 67, 76, 84, 88, 94, 95, 98]
57 [3, 9, 44, 60, 93]
58 [13, 14, 15, 16, 31, 33, 36, 60, 72, 82, 87, 98]
59 [2, 14, 43, 44, 45, 50, 51, 69, 74, 86, 91, 94, 95]
60 [19, 21, 23, 24, 32, 44, 57, 58, 84, 89, 94, 96, 98]
61 [14, 16, 17, 19, 32, 49, 51, 53, 56, 63, 98, 99]
62 [12, 23, 33, 34, 41, 73, 77, 96]
63 [9, 10, 14, 15, 23, 26, 27, 42, 50, 56, 61, 76, 81, 86, 88, 93, 95, 100]
64 [9, 16, 25, 36, 38, 44, 49, 69, 86, 90]
65 [3, 7, 20, 35, 37, 42, 70, 71, 74, 76, 83, 86, 89, 93, 94]
66 [15, 37, 79]
67 [2, 5, 11, 32, 44, 45, 56, 68, 78, 79, 80, 89, 96]
68 [50, 51, 67, 72, 89]
69 [1, 3, 5, 7, 11, 13, 46, 59, 64, 76, 81, 85]
70 [18, 20, 29, 39, 65, 75, 88]
71 [5, 6, 29, 35, 44, 46, 47, 49, 65, 84, 87, 100]
72 [27, 48, 58, 68, 76, 88, 91, 97, 99]
73 [31, 37, 48, 62, 87, 91, 99]
74 [9, 10, 13, 28, 32, 39, 48, 53, 59, 65, 84, 97, 100]
75 [2, 3, 18, 20, 26, 39, 40, 52, 70, 78, 81, 87, 88, 100]
76 [5, 25, 43, 49, 54, 56, 63, 65, 69, 72]
77 [35, 38, 40, 62, 93, 94]
78 [7, 16, 20, 27, 28, 32, 34, 38, 44, 50, 67, 75, 87, 92, 94]
79 [11, 15, 47, 66, 67, 91, 93, 97]
80 [3, 24, 26, 44, 67, 89, 92, 98]
81 [5, 21, 52, 63, 69, 75, 83, 99]
82 [4, 15, 45, 52, 54, 58, 94, 97]
83 [4, 12, 15, 22, 27, 33, 44, 45, 51, 53, 65, 81, 85, 97]
84 [6, 18, 20, 26, 36, 38, 47, 56, 60, 71, 74, 88]
85 [9, 12, 42, 69, 83, 91, 99]
86 [8, 35, 42, 59, 63, 64, 65, 88, 91, 95, 100]
87 [3, 10, 29, 30, 37, 45, 50, 58, 71, 73, 75, 78, 94, 95]
88 [4, 6, 12, 19, 20, 22, 28, 34, 49, 53, 56, 63, 70, 72, 75, 84, 86, 96]
89 [3, 7, 37, 41, 60, 65, 67, 68, 80, 95]
90 [3, 32, 40, 48, 52, 53, 64, 92, 96]
91 [1, 12, 23, 48, 54, 59, 72, 73, 79, 85, 86, 93]
92 [18, 27, 28, 35, 36, 41, 45, 78, 80, 90]
93 [2, 5, 33, 41, 57, 63, 65, 77, 79, 91, 98]
94 [27, 43, 54, 56, 59, 60, 65, 77, 78, 82, 87]
95 [1, 35, 45, 46, 56, 59, 63, 86, 87, 89]
96 [21, 24, 27, 36, 41, 42, 50, 60, 62, 67, 88, 90, 99]
97 [1, 7, 38, 47, 49, 52, 55, 72, 74, 79, 82, 83, 98]
98 [15, 18, 23, 39, 40, 44, 56, 58, 60, 61, 80, 93, 97]
99 [5, 12, 16, 41, 61, 72, 73, 81, 85, 96, 100]
100 [4, 25, 29, 31, 38, 43, 46, 52, 63, 71, 74, 75, 86, 99]
