ER Model
Parameters:
- p:0.1

1 [16, 31, 32, 39, 55, 82, 90, 99, 116, 120, 128, 129, 137]
2 [15, 20, 21, 37, 43, 58, 64, 83, 97, 99, 103, 112, 116, 128, 129, 143, 146, 149]
3 [15, 20, 44, 51, 52, 55, 66, 72, 84, 91, 93, 127, 147, 148, 149]
4 [12, 18, 27, 28, 39, 54, 67, 91, 97, 101, 127, 147, 148]
5 [8, 16, 20, 30, 37, 45, 52, 64, 102, 123, 128, 136, 145]
6 [25, 28, 33, 40, 47, 68, 87, 91, 97, 99, 109, 115, 128, 137, 150]
7 [21, 28, 41, 53, 55, 62, 65, 67, 74, 90, 96, 111, 114, 121, 123, 135, 139, 145]
8 [5, 17, 42, 61, 66, 76, 90, 97, 109, 126, 136]
9 [13, 14, 16, 18, 23, 24, 29, 35, 39, 48, 66, 76, 106, 122, 123, 132, 134, 142]
10 [11, 15, 26, 34, 36, 45, 46, 50, 66, 87, 88, 90, 92, 94, 105, 107, 109, 120, 127, 129, 135, 141, 142, 146]
11 [10, 12, 19, 23, 39, 59, 68, 69, 76, 81, 113, 127, 140]
12 [4, 11, 33, 58, 59, 79, 88, 92, 94, 122, 127, 137, 138, 144]
13 [9, 14, 37, 41, 44, 55, 56, 75, 78, 79, 97, 121, 136, 139]
14 [9, 13, 20, 21, 23, 37, 59, 63, 64, 71, 72, 90, 94, 99, 101, 114, 118, 129, 137, 140, 146, 148]
15 [2, 3, 10, 19, 32, 38, 40, 51, 62, 64, 68, 81, 84, 88, 91, 117, 122, 133, 135, 136, 137, 140]
16 [1, 5, 9, 25, 38, 49, 52, 57, 71, 72, 77, 81, 117, 118, 135]
17 [8, 49, 64, 93, 106, 114]
18 [4, 9, 40, 41, 62, 63, 85, 90, 91, 93, 100, 102, 112, 113, 119, 120, 140, 146]
19 [11, 15, 23, 41, 63, 67, 83, 101, 102, 110, 121, 128, 129, 134, 136, 147]
20 [2, 3, 5, 14, 27, 33, 38, 41, 76, 87, 93]
21 [2, 7, 14, 37, 47, 49, 66, 75, 93, 96, 100, 104, 107, 113, 117, 133, 136]
22 [29, 43, 47, 69, 73, 78, 80, 88, 107, 125, 134]
23 [9, 11, 14, 19, 32, 35, 38, 41, 58, 59, 60, 68, 76, 79, 85, 108, 112, 127, 130, 132, 134]
24 [9, 30, 39, 52, 59, 62, 75, 77, 84, 91, 99, 107, 115, 126, 132, 135, 137, 145]
25 [6, 16, 26, 33, 35, 38, 42, 52, 58, 61, 76, 82, 88, 90, 91, 95, 102, 108, 109, 118, 130, 132]
26 [10, 25, 46, 49, 50, 63, 70, 80, 91, 101, 113, 126, 134, 137, 138]
27 [4, 20, 29, 30, 32, 38, 41, 48, 54, 58, 61, 66, 80, 82, 93, 97, 110, 112, 118, 136, 138, 146, 147]
28 [4, 6, 7, 32, 38, 81, 83, 86, 91, 114, 117, 142, 143]
29 [9, 22, 27, 35, 41, 56, 66, 76, 79, 82, 84, 86, 105, 109, 114, 116, 118, 119, 121, 130, 134, 145]
30 [5, 24, 27, 35, 36, 42, 48, 54, 60, 78, 88, 90, 103, 114, 128, 140, 148]
31 [1, 41, 42, 65, 72, 86, 105, 131, 140, 141, 148]
32 [1, 15, 23, 27, 28, 39, 51, 56, 67, 71, 80, 130, 139]
33 [6, 12, 20, 25, 66, 70, 84, 92, 94, 100, 105, 106, 113, 138, 139, 145]
34 [10, 36, 39, 62, 64, 73, 75, 83, 85, 86, 98, 112, 114, 127, 136, 140, 141]
35 [9, 23, 25, 29, 30, 37, 65, 67, 72, 93, 97, 103, 111, 113, 126, 127, 140, 141, 146, 148]
36 [10, 30, 34, 40, 41, 50, 51, 76, 93, 101, 107, 123, 136, 145, 150]
37 [2, 5, 13, 14, 21, 35, 47, 81, 86, 91, 100, 102, 107, 113, 118, 119, 123, 125, 131, 132, 142]
38 [15, 16, 20, 23, 25, 27, 28, 49, 63, 64, 82, 90, 110, 115, 132, 139]
39 [1, 4, 9, 11, 24, 32, 34, 51, 64, 71, 80, 108, 125, 134]
40 [6, 15, 18, 36, 41, 45, 48, 57, 59, 74, 76, 105, 108, 120, 121, 130, 138, 144, 147, 148]
41 [7, 13, 18, 19, 20, 23, 27, 29, 31, 36, 40, 55, 83, 97, 113, 114, 119, 140, 141]
42 [8, 25, 30, 31, 48, 49, 70, 76, 77, 97, 103, 108, 113, 117, 122, 123, 133, 140]
43 [2, 22, 51, 53, 56, 61, 63, 70, 83, 85, 104, 108, 115, 116, 122, 124, 130, 131]
44 [3, 13, 49, 57, 59, 71, 77, 97, 103, 125, 150]
45 [5, 10, 40, 84, 89, 102, 112, 120, 128, 144, 150]
46 [10, 26, 97, 109, 123, 129, 140]
47 [6, 21, 22, 37, 53, 62, 64, 74, 78, 88, 98, 116, 119, 120, 124]
48 [9, 27, 30, 40, 42, 78, 99, 102, 109, 118, 149]
49 [16, 17, 21, 26, 38, 42, 44, 69, 92, 99, 100, 113, 115, 125, 128, 130, 136, 143]
50 [10, 26, 36, 56, 57, 66, 77, 80, 82, 105, 109, 112, 116, 125, 135, 136, 137, 140]
51 [3, 15, 32, 36, 39, 43, 53, 55, 71, 101, 121, 132, 148]
52 [3, 5, 16, 24, 25, 56, 99, 123, 127, 128, 140, 141]
53 [7, 43, 47, 51, 71, 74, 82, 86, 93, 117, 126, 132, 133, 135, 137]
54 [4, 27, 30, 58, 63, 79, 80, 87, 96, 99, 106, 117, 122, 126, 150]
55 [1, 3, 7, 13, 41, 51, 65, 84, 85, 95, 125, 128, 140, 145, 147]
56 [13, 29, 32, 43, 50, 52, 62, 71, 87, 100, 102, 104, 108, 112, 126, 129]
57 [16, 40, 44, 50, 77, 79, 82, 87, 95, 103, 108, 123, 127, 133]
58 [2, 12, 23, 25, 27, 54, 62, 75, 87, 96, 114, 117, 127, 131, 136, 141, 150]
59 [11, 12, 14, 23, 24, 40, 44, 82, 83, 130, 140, 148]
60 [23, 30, 63, 90, 92, 95, 97, 102, 112, 113, 129, 132]
61 [8, 25, 27, 43, 78, 79, 82, 83, 85, 93, 104, 113, 117, 125, 132, 133, 135, 138, 145, 146]
62 [7, 15, 18, 24, 34, 47, 56, 58, 66, 69, 87, 102, 107, 121, 150]
63 [14, 18, 19, 26, 38, 43, 54, 60, 64, 69, 70, 85, 86, 96, 106, 109, 116, 120, 127, 130, 141, 149]
64 [2, 5, 14, 15, 17, 34, 38, 39, 47, 63, 73, 75, 83, 96, 117, 139, 145]
65 [7, 31, 35, 55, 82, 92, 107, 126, 131, 135, 137, 149]
66 [3, 8, 9, 10, 21, 27, 29, 33, 50, 62, 72, 75, 76, 77, 92, 97, 118, 141]
67 [4, 7, 19, 32, 35, 91, 93, 94, 99, 107, 113, 120, 149]
68 [6, 11, 15, 23, 79, 81, 87, 88, 99, 102, 106, 115, 116, 126, 133]
69 [11, 22, 49, 62, 63, 73, 86, 105, 108, 110, 114, 119, 131, 146, 147]
70 [26, 33, 42, 43, 63, 73, 79, 81, 88, 90, 114, 119, 130, 146]
71 [14, 16, 32, 39, 44, 51, 53, 56, 79, 90, 98, 113, 127, 139]
72 [3, 14, 16, 31, 35, 66, 80, 81, 101, 106, 116, 141]
73 [22, 34, 64, 69, 70, 76, 82, 83, 90, 92, 102, 110, 118, 146]
74 [7, 40, 47, 53, 82, 83, 92, 96, 106, 120, 126, 132, 136, 141]
75 [13, 21, 24, 34, 58, 64, 66, 78, 86, 90, 93, 98, 112, 113, 120, 127, 134]
76 [8, 9, 11, 20, 23, 25, 29, 36, 40, 42, 66, 73, 77, 86, 90, 118, 127, 131, 140, 145]
77 [16, 24, 42, 44, 50, 57, 66, 76, 84, 114, 117, 136]
78 [13, 22, 30, 47, 48, 61, 75, 80, 98, 121, 141, 148, 150]
79 [12, 13, 23, 29, 54, 57, 61, 68, 70, 71, 82, 85, 86, 92, 106, 112, 113, 142, 146]
80 [22, 26, 27, 32, 39, 50, 54, 72, 78, 83, 113, 123, 130, 131, 141, 143, 146, 148]
81 [11, 15, 16, 28, 37, 68, 70, 72, 88, 102, 109, 130, 131]
82 [1, 25, 27, 29, 38, 50, 53, 57, 59, 61, 65, 73, 74, 79, 100, 104, 106, 117, 122]
83 [2, 19, 28, 34, 41, 43, 59, 61, 64, 73, 74, 80, 86, 97, 102, 122, 123, 124, 127]
84 [3, 15, 24, 29, 33, 45, 55, 77, 85, 93, 100, 108, 120, 147]
85 [18, 23, 34, 43, 55, 61, 63, 79, 84, 100, 111, 113, 130, 135, 136, 144]
86 [28, 29, 31, 34, 37, 53, 63, 69, 75, 76, 79, 83, 95, 129, 133]
87 [6, 10, 20, 54, 56, 57, 58, 62, 68, 122, 125, 128, 149]
88 [10, 12, 15, 22, 25, 30, 47, 68, 70, 81, 91, 109, 115, 117, 143, 146]
89 [45, 100, 106, 114, 134, 148]
90 [1, 7, 8, 10, 14, 18, 25, 30, 38, 60, 70, 71, 73, 75, 76, 91, 107, 128, 132, 133, 135]
91 [3, 4, 6, 15, 18, 24, 25, 26, 28, 37, 67, 88, 90, 96, 102, 109, 126, 140]
92 [10, 12, 33, 49, 60, 65, 66, 73, 74, 79, 122, 124, 133, 136, 148, 150]
93 [3, 17, 18, 20, 21, 27, 35, 36, 53, 61, 67, 75, 84, 94, 104, 113, 123, 133, 135, 136, 144]
94 [10, 12, 14, 33, 67, 93, 98, 101, 116, 135]
95 [25, 55, 57, 60, 86, 96, 136, 138, 141]
96 [7, 21, 54, 58, 63, 64, 74, 91, 95, 109, 132, 134, 136, 142]
97 [2, 4, 6, 8, 13, 27, 35, 41, 42, 44, 46, 60, 66, 83, 136]
98 [34, 47, 71, 75, 78, 94, 104, 121, 144]
99 [1, 2, 6, 14, 24, 48, 49, 52, 54, 67, 68, 105, 106, 117, 127]
100 [18, 21, 33, 37, 49, 56, 82, 84, 85, 89, 102, 104, 121, 122, 128, 133]
101 [4, 14, 19, 26, 36, 51, 72, 94, 102, 108, 109, 115, 125, 128, 146]
102 [5, 18, 19, 25, 37, 45, 48, 56, 60, 62, 68, 73, 81, 83, 91, 100, 101, 119, 124, 127, 133, 137, 141, 142, 143, 146, 149]
103 [2, 30, 35, 42, 44, 57, 118, 121, 133, 150]
104 [21, 43, 56, 61, 82, 93, 98, 100, 108, 110, 122, 126, 132]
105 [10, 29, 31, 33, 40, 50, 69, 99, 121, 126, 128, 132, 149]
106 [9, 17, 33, 54, 63, 68, 72, 74, 79, 82, 89, 99, 117, 125, 129, 150]
107 [10, 21, 22, 24, 36, 37, 62, 65, 67, 90, 109, 112, 114, 124, 131, 133, 135, 138]
108 [23, 25, 39, 40, 42, 43, 56, 57, 69, 84, 101, 104, 111, 114, 132, 135]
109 [6, 8, 10, 25, 29, 46, 48, 50, 63, 81, 88, 91, 96, 101, 107, 137, 139, 145]
110 [19, 27, 38, 69, 73, 104, 111, 120, 136, 150]
111 [7, 35, 85, 108, 110, 145, 149, 150]
112 [2, 18, 23, 27, 34, 45, 50, 56, 60, 75, 79, 107, 127, 141, 142, 144]
113 [11, 18, 21, 26, 33, 35, 37, 41, 42, 49, 60, 61, 67, 71, 75, 79, 80, 85, 93, 124]
114 [7, 14, 17, 28, 29, 30, 34, 41, 58, 69, 70, 77, 89, 107, 108, 127, 149]
115 [6, 24, 38, 43, 49, 68, 88, 101, 122]
116 [1, 2, 29, 43, 47, 50, 63, 68, 72, 94, 148, 150]
117 [15, 16, 21, 28, 42, 53, 54, 58, 61, 64, 77, 82, 88, 99, 106, 139, 148]
118 [14, 16, 25, 27, 29, 37, 48, 66, 73, 76, 103, 119, 124, 128, 140]
119 [18, 29, 37, 41, 47, 69, 70, 102, 118, 120, 135, 140]
120 [1, 10, 18, 40, 45, 47, 63, 67, 74, 75, 84, 110, 119, 129, 132, 139, 145, 149]
121 [7, 13, 19, 29, 40, 51, 62, 78, 98, 100, 103, 105, 130, 139, 142]
122 [9, 12, 15, 42, 43, 54, 82, 83, 87, 92, 100, 104, 115, 137, 145]
123 [5, 7, 9, 36, 37, 42, 46, 52, 57, 80, 83, 93, 126, 128, 137, 144, 145]
124 [43, 47, 83, 92, 102, 107, 113, 118, 138, 143]
125 [22, 37, 39, 44, 49, 50, 55, 61, 87, 101, 106, 135]
126 [8, 24, 26, 35, 53, 54, 56, 65, 68, 74, 91, 104, 105, 123, 142, 147]
127 [3, 4, 10, 11, 12, 23, 34, 35, 52, 57, 58, 63, 71, 75, 76, 83, 99, 102, 112, 114, 129, 134, 137]
128 [1, 2, 5, 6, 19, 30, 45, 49, 52, 55, 87, 90, 100, 101, 105, 118, 123]
129 [1, 2, 10, 14, 19, 46, 56, 60, 86, 106, 120, 127, 130, 149]
130 [23, 25, 29, 32, 40, 43, 49, 59, 63, 70, 80, 81, 85, 121, 129, 135, 138, 142, 143]
131 [31, 37, 43, 58, 65, 69, 76, 80, 81, 107, 148, 149]
132 [9, 23, 24, 25, 37, 38, 51, 53, 60, 61, 74, 90, 96, 104, 105, 108, 120, 133]
133 [15, 21, 42, 53, 57, 61, 68, 86, 90, 92, 93, 100, 102, 103, 107, 132, 145]
134 [9, 19, 22, 23, 26, 29, 39, 75, 89, 96, 127]
135 [7, 10, 15, 16, 24, 50, 53, 61, 65, 85, 90, 93, 94, 107, 108, 119, 125, 130, 136, 143]
136 [5, 8, 13, 15, 19, 21, 27, 34, 36, 49, 50, 58, 74, 77, 85, 92, 93, 95, 96, 97, 110, 135, 139]
137 [1, 6, 12, 14, 15, 24, 26, 50, 53, 65, 102, 109, 122, 123, 127, 143, 146]
138 [12, 26, 27, 33, 40, 61, 95, 107, 124, 130, 140]
139 [7, 13, 32, 33, 38, 64, 71, 109, 117, 120, 121, 136, 140, 142]
140 [11, 14, 15, 18, 30, 31, 34, 35, 41, 42, 46, 50, 52, 55, 59, 76, 91, 118, 119, 138, 139]
141 [10, 31, 34, 35, 41, 52, 58, 63, 66, 72, 74, 78, 80, 95, 102, 112, 145]
142 [9, 10, 28, 37, 79, 96, 102, 112, 121, 126, 130, 139]
143 [2, 28, 49, 80, 88, 102, 124, 130, 135, 137]
144 [12, 40, 45, 85, 93, 98, 112, 123, 148]
145 [5, 7, 24, 29, 33, 36, 55, 61, 64, 76, 109, 111, 120, 122, 123, 133, 141]
146 [2, 10, 14, 18, 27, 35, 61, 69, 70, 73, 79, 80, 88, 101, 102, 137]
147 [3, 4, 19, 27, 40, 55, 69, 84, 126]
148 [3, 4, 14, 30, 31, 35, 40, 51, 59, 78, 80, 89, 92, 116, 117, 131, 144, 150]
149 [2, 3, 48, 63, 65, 67, 87, 102, 105, 111, 114, 120, 129, 131]
150 [6, 36, 44, 45, 54, 58, 62, 78, 92, 103, 106, 110, 111, 116, 148]
