ER Model
Parameters:
- p:0.1

1 [2, 5, 21, 25, 39, 64, 83, 87, 88, 97]
2 [1, 7, 10, 29, 43, 61, 70, 97]
3 [9, 12, 13, 16, 49, 51, 54, 67, 68, 81, 85, 93]
4 [17, 19, 34, 40, 48, 70, 72, 74, 75, 94, 99]
5 [1, 6, 16, 65, 72, 74, 76, 84, 87, 93]
6 [5, 9, 31, 33, 36, 38, 41, 56, 67, 69, 78, 82, 84, 86]
7 [2, 11, 38, 42, 68, 78, 87]
8 [23, 24, 28, 38, 40, 50, 85, 93]
9 [3, 6, 13, 14, 21, 22, 60, 62, 66, 80, 89, 93, 94, 98, 99]
10 [2, 29, 36, 39, 41, 42, 60, 62, 69, 78, 85, 95]
11 [7, 16, 27, 80, 82, 84, 100]
12 [3, 13, 18, 19, 25, 26, 33, 52, 56, 84, 95, 98]
13 [3, 9, 12, 61, 75, 76, 86, 96]
14 [9, 16, 24, 28, 30, 45, 53, 54, 67, 82, 91, 98]
15 [16, 20, 22, 34, 35, 36, 43, 57, 61, 63, 64, 67, 70, 79, 84, 86]
16 [3, 5, 11, 14, 15, 17, 21, 22, 49, 57, 58, 62, 69, 70]
17 [4, 16, 29, 31, 42, 54, 55, 62, 74, 97]
18 [12, 19, 35, 41, 45, 47, 48, 60, 74, 78]
19 [4, 12, 18, 45, 47, 69, 71, 72, 93]
20 [15, 22, 25, 42, 47, 56, 63, 64, 66, 74, 87, 95, 97]
21 [1, 9, 16, 23, 24, 29, 48, 54, 55, 59, 68, 71, 89, 92, 93, 99]
22 [9, 15, 16, 20, 23, 30, 33, 41, 49, 62, 68, 71, 84]
23 [8, 21, 22, 32, 42, 53, 58, 60, 61, 65, 66, 86, 91, 98]
24 [8, 14, 21, 28, 30, 35, 40, 72, 100]
25 [1, 12, 20, 29, 32, 45, 50, 56, 57, 58, 60, 69, 72, 78, 94]
26 [12, 43, 54, 64, 77, 91, 93, 99]
27 [11, 31, 32, 42, 46, 53, 56, 58, 67, 75, 76, 91, 96, 98]
28 [8, 14, 24, 29, 33, 34, 37, 40, 46, 58, 74, 78, 79, 80, 84, 100]
29 [2, 10, 17, 21, 25, 28, 39, 54, 59, 66, 74, 84, 94, 97, 100]
30 [14, 22, 24, 33, 36, 51, 65, 76, 82, 84, 95]
31 [6, 17, 27, 32, 47, 54, 66, 78, 81, 85, 97]
32 [23, 25, 27, 31, 38, 41, 67, 92]
33 [6, 12, 22, 28, 30, 45, 47, 52, 57, 60, 69]
34 [4, 15, 28, 41, 43, 45, 54, 58, 90, 96]
35 [15, 18, 24, 70]
36 [6, 10, 15, 30, 60, 62, 64, 66, 92, 100]
37 [28, 40, 45, 73, 81, 98]
38 [6, 7, 8, 32, 41, 47, 56, 76, 94]
39 [1, 10, 29, 40, 50, 52, 54, 61, 64, 77, 80, 98]
40 [4, 8, 24, 28, 37, 39, 67, 81, 88]
41 [6, 10, 18, 22, 32, 34, 38, 72, 77, 93, 95]
42 [7, 10, 17, 20, 23, 27, 44, 50, 56, 63, 72, 74, 84]
43 [2, 15, 26, 34, 46, 47, 59, 64, 73, 79, 82, 93]
44 [42, 58, 64, 70, 100]
45 [14, 18, 19, 25, 33, 34, 37, 55, 62, 67]
46 [27, 28, 43, 68, 70, 86]
47 [18, 19, 20, 31, 33, 38, 43, 52, 60, 81, 82, 87, 99]
48 [4, 18, 21, 51, 61, 65, 68, 73, 79, 81, 83, 93, 97]
49 [3, 16, 22, 52, 60, 72, 80]
50 [8, 25, 39, 42, 53, 58, 64, 75, 77, 79, 81, 88, 93, 99]
51 [3, 30, 48, 55, 72, 75, 78]
52 [12, 33, 39, 47, 49, 58, 67]
53 [14, 23, 27, 50, 81]
54 [3, 14, 17, 21, 26, 29, 31, 34, 39, 65, 83, 88]
55 [17, 21, 45, 51, 66, 82, 84, 97, 98]
56 [6, 12, 20, 25, 27, 38, 42, 70, 97]
57 [15, 16, 25, 33, 61, 66, 67, 80, 83, 97]
58 [16, 23, 25, 27, 28, 34, 44, 50, 52, 64, 89]
59 [21, 29, 43, 72, 81]
60 [9, 10, 18, 23, 25, 33, 36, 47, 49, 62, 63, 66, 73, 75, 76, 82, 88]
61 [2, 13, 15, 23, 39, 48, 57, 63, 73, 76, 78, 84, 88]
62 [9, 10, 16, 17, 22, 36, 45, 60, 71, 74, 93]
63 [15, 20, 42, 60, 61, 64, 70, 74, 75, 78, 80, 82, 90, 92, 93, 97]
64 [1, 15, 20, 26, 36, 39, 43, 44, 50, 58, 63, 73, 74, 76, 97, 98]
65 [5, 23, 30, 48, 54, 69, 95]
66 [9, 20, 23, 29, 31, 36, 55, 57, 60, 75, 80, 88]
67 [3, 6, 14, 15, 27, 32, 40, 45, 52, 57, 84]
68 [3, 7, 21, 22, 46, 48, 71, 76, 100]
69 [6, 10, 16, 19, 25, 33, 65, 70, 82]
70 [2, 4, 15, 16, 35, 44, 46, 56, 63, 69, 86]
71 [19, 21, 22, 62, 68, 78, 85, 100]
72 [4, 5, 19, 24, 25, 41, 42, 49, 51, 59, 96]
73 [37, 43, 48, 60, 61, 64]
74 [4, 5, 17, 18, 20, 28, 29, 42, 62, 63, 64, 91, 96, 97]
75 [4, 13, 27, 50, 51, 60, 63, 66, 85, 92]
76 [5, 13, 27, 30, 38, 60, 61, 64, 68, 84, 100]
77 [26, 39, 41, 50, 92, 99]
78 [6, 7, 10, 18, 25, 28, 31, 51, 61, 63, 71, 85, 88, 94, 100]
79 [15, 28, 43, 48, 50, 88, 93, 96]
80 [9, 11, 28, 39, 49, 57, 63, 66, 82]
81 [3, 31, 37, 40, 47, 48, 50, 53, 59, 92, 95]
82 [6, 11, 14, 30, 43, 47, 55, 60, 63, 69, 80, 89, 96]
83 [1, 48, 54, 57, 88, 90]
84 [5, 6, 11, 12, 15, 22, 28, 29, 30, 42, 55, 61, 67, 76, 94, 100]
85 [3, 8, 10, 31, 71, 75, 78, 95, 99]
86 [6, 13, 15, 23, 46, 70, 99]
87 [1, 5, 7, 20, 47]
88 [1, 40, 50, 54, 60, 61, 66, 78, 79, 83, 89]
89 [9, 21, 58, 82, 88, 94]
90 [34, 63, 83]
91 [14, 23, 26, 27, 74, 94]
92 [21, 32, 36, 63, 75, 77, 81, 96]
93 [3, 5, 8, 9, 19, 21, 26, 41, 43, 48, 50, 62, 63, 79, 94, 98]
94 [4, 9, 25, 29, 38, 78, 84, 89, 91, 93]
95 [10, 12, 20, 30, 41, 65, 81, 85]
96 [13, 27, 34, 72, 74, 79, 82, 92]
97 [1, 2, 17, 20, 29, 31, 48, 55, 56, 57, 63, 64, 74]
98 [9, 12, 14, 23, 27, 37, 39, 55, 64, 93]
99 [4, 9, 21, 26, 47, 50, 77, 85, 86]
100 [11, 24, 28, 29, 36, 44, 68, 71, 76, 78, 84]
