ER Model
Parameters:
- p:0.1

1 [18, 29, 31, 35, 40, 44, 46, 49]
2 [8, 19, 23, 36, 40]
3 [4, 6, 14, 34, 44, 47]
4 [3, 9, 10, 30]
5 [8, 12, 15, 21, 30, 34, 39, 42]
6 [3, 27, 37, 49]
7 [15, 26, 27, 37, 43, 49]
8 [2, 5, 9, 11, 18, 25, 27, 32, 33, 48]
9 [4, 8, 14, 24, 28, 40, 44]
10 [4, 18, 20, 26, 34, 37, 38, 44, 46, 49]
11 [8, 19, 43, 49]
12 [5, 18, 29, 36, 42, 43, 46, 47]
13 [26, 28, 35, 39, 46]
14 [3, 9, 34]
15 [5, 7, 21, 29, 34, 38]
16 [25, 30, 37, 39, 42, 43]
17 [25, 31]
18 [1, 8, 10, 12]
19 [2, 11, 23, 26, 32, 33, 34, 46, 49]
20 [10, 21]
21 [5, 15, 20, 26, 27, 30, 45]
22 [26, 40, 41]
23 [2, 19, 33, 44, 45, 47, 48]
24 [9, 27, 34]
25 [8, 16, 17, 30, 34, 37, 49]
26 [7, 10, 13, 19, 21, 22, 33]
27 [6, 7, 8, 21, 24]
28 [9, 13, 30, 34, 38]
29 [1, 12, 15]
30 [4, 5, 16, 21, 25, 28, 32, 37, 41, 43]
31 [1, 17, 38, 43, 48]
32 [8, 19, 30]
33 [8, 19, 23, 26, 36, 46]
34 [3, 5, 10, 14, 15, 19, 24, 25, 28]
35 [1, 13, 44, 48]
36 [2, 12, 33, 46]
37 [6, 7, 10, 16, 25, 30]
38 [10, 15, 28, 31]
39 [5, 13, 16]
40 [1, 2, 9, 22]
41 [22, 30, 46]
42 [5, 12, 16]
43 [7, 11, 12, 16, 30, 31, 46, 49]
44 [1, 3, 9, 10, 23, 35, 48]
45 [21, 23, 49]
46 [1, 10, 12, 13, 19, 33, 36, 41, 43, 49]
47 [3, 12, 23]
48 [8, 23, 31, 35, 44]
49 [1, 6, 7, 10, 11, 19, 25, 43, 45, 46]
