ER Model
Parameters:
- p:0.1

1 [15, 18, 26, 47]
2 [9, 10, 24, 32, 37]
3 [5, 11, 14, 16, 19, 31, 33]
4 [20]
5 [3, 10, 12, 13, 28, 43, 48]
6 [21, 25, 26, 28, 38, 39]
7 [14, 15, 20, 21, 36, 40, 43, 47]
8 [12, 15, 19, 24, 28, 37, 40]
9 [2, 20, 22]
10 [2, 5, 15, 17, 26, 28, 29, 32]
11 [3, 15, 32, 34, 43]
12 [5, 8]
13 [5, 16, 23, 34, 36, 45]
14 [3, 7, 17, 25, 35, 37, 41, 45]
15 [1, 7, 8, 10, 11, 18, 34]
16 [3, 13, 19, 26, 36, 45]
17 [10, 14, 29, 35, 45]
18 [1, 15, 20, 21, 35, 37, 46, 48]
19 [3, 8, 16, 30, 32, 39, 46]
20 [4, 7, 9, 18, 22, 30, 44]
21 [6, 7, 18, 32, 36]
22 [9, 20, 31, 35, 40, 42]
23 [13, 27, 33, 37]
24 [2, 8, 28, 42, 46]
25 [6, 14, 33, 41, 49]
26 [1, 6, 10, 16, 35, 39]
27 [23, 28, 45, 47]
28 [5, 6, 8, 10, 24, 27, 31, 35]
29 [10, 17, 38]
30 [19, 20, 43]
31 [3, 22, 28, 38, 39, 45]
32 [2, 10, 11, 19, 21, 37]
33 [3, 23, 25, 38, 42, 44]
34 [11, 13, 15, 40, 49]
35 [14, 17, 18, 22, 26, 28, 42, 44, 45]
36 [7, 13, 16, 21, 37, 48]
37 [2, 8, 14, 18, 23, 32, 36, 48]
38 [6, 29, 31, 33, 45]
39 [6, 19, 26, 31]
40 [7, 8, 22, 34]
41 [14, 25]
42 [22, 24, 33, 35, 44]
43 [5, 7, 11, 30, 47]
44 [20, 33, 35, 42, 49]
45 [13, 14, 16, 17, 27, 31, 35, 38]
46 [18, 19, 24, 47, 48]
47 [1, 7, 27, 43, 46]
48 [5, 18, 36, 37, 46]
49 [25, 34, 44]
