ER Model
Parameters:
- p:0.1

1 [9, 13, 33, 38, 55, 59, 62]
2 [19, 29, 44, 51, 55, 57, 59, 63, 66, 67, 75]
3 [10, 13, 15, 23, 31, 33, 35, 45, 66, 76, 78, 83, 93]
4 [18, 24, 33, 51, 53, 64, 70, 84, 95, 99]
5 [7, 14, 19, 20, 38, 44, 64, 65, 70, 84]
6 [9, 29, 54, 65, 84, 91, 98]
7 [5, 16, 36, 40, 49, 52, 54, 69, 75, 87, 100]
8 [12, 43, 72, 74, 84, 96, 98]
9 [1, 6, 11, 15, 53, 54, 63, 86, 89, 97, 100]
10 [3, 20, 21, 36, 38, 40, 43, 53, 54, 61, 70, 71, 91, 97]
11 [9, 31, 32, 35, 56, 74, 77, 100]
12 [8, 13, 16, 30, 38, 63, 74, 80, 81, 90]
13 [1, 3, 12, 29, 39, 44, 54, 59, 63, 78]
14 [5, 18, 30, 46, 54, 55, 91, 97]
15 [3, 9, 24, 25, 35, 39, 40, 48, 75, 77, 82, 91, 96]
16 [7, 12, 22, 33, 35, 54, 59, 68, 72, 78, 79, 99, 100]
17 [24, 36, 57, 69, 76, 85, 86, 90, 91, 100]
18 [4, 14, 36, 45, 66]
19 [2, 5, 24, 36, 43, 53, 74, 85, 86, 96]
20 [5, 10, 26, 29, 48, 53, 76, 85, 94]
21 [10, 47, 48, 85, 90, 92, 97, 100]
22 [16, 27, 55, 58, 75, 85, 89]
23 [3, 24, 32, 48, 50, 75, 77, 86, 98]
24 [4, 15, 17, 19, 23, 34, 47, 51, 52, 56, 58, 71, 78, 83]
25 [15, 30, 44, 49, 70, 80, 96, 98, 100]
26 [20, 34, 37, 39, 57, 74, 76, 81, 91]
27 [22, 29, 41, 44, 55, 63, 81, 88]
28 [29, 31, 69, 89, 93]
29 [2, 6, 13, 20, 27, 28, 30, 34, 60, 72, 73, 80, 81, 87, 89]
30 [12, 14, 25, 29, 32, 38, 39, 42, 55, 57, 60, 61]
31 [3, 11, 28, 34, 44, 47, 51, 59, 70, 85, 90, 92]
32 [11, 23, 30, 33, 70, 72, 84, 92, 97]
33 [1, 3, 4, 16, 32, 44, 48, 51, 53, 58, 59, 61, 85, 91, 92, 97]
34 [24, 26, 29, 31, 35, 36, 45, 49, 74, 83]
35 [3, 11, 15, 16, 34, 36, 66, 69, 82, 95]
36 [7, 10, 17, 18, 19, 34, 35, 37, 57, 76, 88]
37 [26, 36, 38, 56, 83, 92]
38 [1, 5, 10, 12, 30, 37, 53, 62, 68]
39 [13, 15, 26, 30, 42, 49, 66, 67, 72, 74, 84]
40 [7, 10, 15, 57, 67, 72, 78]
41 [27, 61, 62, 68, 78, 82, 84, 93, 97]
42 [30, 39, 44, 47, 52, 53, 64, 74, 97]
43 [8, 10, 19, 55, 56, 62, 65, 69, 78, 91, 97, 98]
44 [2, 5, 13, 25, 27, 31, 33, 42, 48, 61, 68, 79, 91, 99]
45 [3, 18, 34, 48, 52, 62, 67, 78, 84, 89, 91, 98]
46 [14, 55, 59, 70, 73, 95, 96, 100]
47 [21, 24, 31, 42, 53, 57, 58, 59, 66, 83, 99]
48 [15, 20, 21, 23, 33, 44, 45, 58, 80, 86, 92, 95, 99]
49 [7, 25, 34, 39, 59, 64, 92]
50 [23, 53, 67, 77, 99]
51 [2, 4, 24, 31, 33, 53, 61, 90, 91, 97]
52 [7, 24, 42, 45, 53, 57, 66, 69, 72, 75, 77, 84, 87, 92, 95, 100]
53 [4, 9, 10, 19, 20, 33, 38, 42, 47, 50, 51, 52, 56, 65, 81]
54 [6, 7, 9, 10, 13, 14, 16, 57, 61, 66, 70, 71, 80, 82, 84, 88]
55 [1, 2, 14, 22, 27, 30, 43, 46, 72, 79, 90]
56 [11, 24, 37, 43, 53, 88, 91, 94]
57 [2, 17, 26, 30, 36, 40, 47, 52, 54, 62, 67, 68, 70, 75, 77, 79, 81, 92, 96]
58 [22, 24, 33, 47, 48, 75, 91]
59 [1, 2, 13, 16, 31, 33, 46, 47, 49, 65, 72, 77, 79, 83, 88, 91, 94, 100]
60 [29, 30, 62, 66, 74, 82]
61 [10, 30, 33, 41, 44, 51, 54, 86, 99]
62 [1, 38, 41, 43, 45, 57, 60]
63 [2, 9, 12, 13, 27, 68, 73, 78, 80, 84, 92, 97]
64 [4, 5, 42, 49, 97]
65 [5, 6, 43, 53, 59, 73, 92, 95]
66 [2, 3, 18, 35, 39, 47, 52, 54, 60, 85, 93, 99]
67 [2, 39, 40, 45, 50, 57, 70, 75, 76, 88, 100]
68 [16, 38, 41, 44, 57, 63, 72, 73, 77, 85, 93, 96, 99]
69 [7, 17, 28, 35, 43, 52, 81, 100]
70 [4, 5, 10, 25, 31, 32, 46, 54, 57, 67, 95]
71 [10, 24, 54, 76, 81, 83, 85]
72 [8, 16, 29, 32, 39, 40, 52, 55, 59, 68]
73 [29, 46, 63, 65, 68, 75, 82, 91, 97]
74 [8, 11, 12, 19, 26, 34, 39, 42, 60, 82, 94, 95]
75 [2, 7, 15, 22, 23, 52, 57, 58, 67, 73, 89, 96]
76 [3, 17, 20, 26, 36, 67, 71, 87]
77 [11, 15, 23, 50, 52, 57, 59, 68, 86, 93]
78 [3, 13, 16, 24, 40, 41, 43, 45, 63, 89, 93, 96, 97, 99]
79 [16, 44, 55, 57, 59, 97]
80 [12, 25, 29, 48, 54, 63, 83, 86, 89, 93]
81 [12, 26, 27, 29, 53, 57, 69, 71, 89, 90, 95, 100]
82 [15, 35, 41, 54, 60, 73, 74, 84, 85, 98]
83 [3, 24, 34, 37, 47, 59, 71, 80, 84]
84 [4, 5, 6, 8, 32, 39, 41, 45, 52, 54, 63, 82, 83, 90]
85 [17, 19, 20, 21, 22, 31, 33, 66, 68, 71, 82]
86 [9, 17, 19, 23, 48, 61, 77, 80, 87, 88]
87 [7, 29, 52, 76, 86]
88 [27, 36, 54, 56, 59, 67, 86]
89 [9, 22, 28, 29, 45, 75, 78, 80, 81, 91]
90 [12, 17, 21, 31, 51, 55, 81, 84]
91 [6, 10, 14, 15, 17, 26, 33, 43, 44, 45, 51, 56, 58, 59, 73, 89, 94]
92 [21, 31, 32, 33, 37, 48, 49, 52, 57, 63, 65]
93 [3, 28, 41, 66, 68, 77, 78, 80]
94 [20, 56, 59, 74, 91]
95 [4, 35, 46, 48, 52, 65, 70, 74, 81, 96, 99]
96 [8, 15, 19, 25, 46, 57, 68, 75, 78, 95, 97, 99]
97 [9, 10, 14, 21, 32, 33, 41, 42, 43, 51, 63, 64, 73, 78, 79, 96]
98 [6, 8, 23, 25, 43, 45, 82, 100]
99 [4, 16, 44, 47, 48, 50, 61, 66, 68, 78, 95, 96]
100 [7, 9, 11, 16, 17, 21, 25, 46, 52, 59, 67, 69, 81, 98]
