ER Model
Parameters:
- p:0.1

1 [11, 18, 38, 40, 48, 58, 80, 94, 119, 145]
2 [16, 19, 22, 35, 36, 39, 54, 57, 61, 63, 84, 86, 89, 100, 103, 105, 129, 131, 133, 135, 147, 150]
3 [20, 27, 29, 58, 60, 79, 138, 149]
4 [13, 16, 21, 23, 35, 60, 71, 103, 111, 112, 116, 147]
5 [55, 88, 89, 103, 119, 121, 135, 143]
6 [9, 11, 25, 26, 33, 35, 38, 45, 62, 74, 77, 80, 90, 98, 113, 115, 123, 124, 130, 133, 134, 136, 139, 144]
7 [31, 48, 49, 67, 72, 76, 95, 109, 138, 141, 146]
8 [19, 23, 24, 46, 57, 67, 82, 83, 94, 97, 130, 135]
9 [6, 12, 32, 34, 38, 48, 52, 70, 71, 73, 83, 87, 88, 89, 121, 130, 146, 150]
10 [14, 16, 23, 33, 53, 58, 61, 69, 89, 138]
11 [1, 6, 16, 22, 28, 69, 74, 83, 84, 95, 99, 109, 110, 111, 113, 135, 142, 146, 148]
12 [9, 37, 45, 49, 54, 58, 80, 85, 107, 124, 125, 127, 137, 146, 148]
13 [4, 15, 20, 21, 45, 48, 51, 67, 96, 135]
14 [10, 26, 29, 42, 56, 80, 92, 97, 119, 127]
15 [13, 17, 22, 29, 44, 52, 57, 60, 80, 103, 120, 142, 148]
16 [2, 4, 10, 11, 26, 33, 35, 51, 60, 68, 85, 117, 124, 143]
17 [15, 20, 34, 45, 53, 55, 90, 95, 132, 138, 141, 144]
18 [1, 19, 21, 41, 67, 77, 78, 88, 103, 114, 117, 123, 128, 142, 149]
19 [2, 8, 18, 23, 39, 42, 48, 67, 69, 71, 81, 83, 84, 96, 115, 122, 126, 127, 130, 134, 143, 145, 150]
20 [3, 13, 17, 48, 54, 66, 67, 70, 88, 93, 99, 121, 145]
21 [4, 13, 18, 31, 43, 65, 67, 70, 77, 90, 96, 103, 115, 139, 148]
22 [2, 11, 15, 33, 37, 45, 58, 59, 81, 87, 88, 94, 100, 103, 104, 129, 137, 138, 144, 150]
23 [4, 8, 10, 19, 24, 25, 30, 39, 51, 54, 62, 67, 69, 88, 104, 114, 136, 140]
24 [8, 23, 29, 40, 45, 67, 76, 83, 98, 99, 100, 122]
25 [6, 23, 26, 29, 31, 75, 81, 95, 104, 107, 114, 123, 133, 138, 140, 148]
26 [6, 14, 16, 25, 50, 53, 63, 72, 107, 122, 129, 136]
27 [3, 41, 44, 46, 61, 71, 77, 84, 108, 114, 119, 124, 125, 129, 133, 136]
28 [11, 36, 45, 46, 53, 54, 60, 77, 85, 100, 103, 113, 124, 132]
29 [3, 14, 15, 24, 25, 35, 45, 50, 56, 60, 62, 68, 78, 88, 101, 107, 115, 120, 121, 140]
30 [23, 34, 49, 57, 59, 65, 88, 92, 98, 103, 112, 120, 135, 139]
31 [7, 21, 25, 35, 37, 44, 53, 64, 70, 77, 90, 103, 111, 114, 122, 127, 136, 139, 144]
32 [9, 37, 44, 51, 53, 63, 108, 112, 147, 148, 149]
33 [6, 10, 16, 22, 62, 67, 70, 150]
34 [9, 17, 30, 56, 59, 61, 68, 72, 80, 88, 89, 96, 103, 131, 136, 138, 139, 141, 142, 148]
35 [2, 4, 6, 16, 29, 31, 43, 57, 60, 67, 71, 77, 105, 109, 116, 121, 139, 150]
36 [2, 28, 47, 56, 69, 70, 76, 81, 86, 100, 106, 128, 134]
37 [12, 22, 31, 32, 46, 56, 63, 69, 93, 111, 113, 121, 124, 128, 131, 132, 137, 143]
38 [1, 6, 9, 48, 51, 54, 57, 65, 68, 83, 95, 100, 129]
39 [2, 19, 23, 50, 52, 53, 54, 61, 65, 66, 76, 88]
40 [1, 24, 50, 52, 55, 63, 64, 80, 85, 86, 87, 88, 89, 94, 95, 108, 111, 146, 148, 150]
41 [18, 27, 45, 46, 49, 61, 68, 84, 104, 142]
42 [14, 19, 46, 47, 49, 50, 88, 95, 135, 136, 142, 145, 146, 148]
43 [21, 35, 45, 58, 64, 76, 80, 82, 89, 94, 102, 118, 141, 146]
44 [15, 27, 31, 32, 45, 55, 60, 62, 76, 86, 90, 91, 104, 126, 139, 143]
45 [6, 12, 13, 17, 22, 24, 28, 29, 41, 43, 44, 55, 61, 64, 72, 81, 90, 105]
46 [8, 27, 28, 37, 41, 42, 77, 90, 100, 132, 150]
47 [36, 42, 51, 99, 110, 132, 133, 140, 144]
48 [1, 7, 9, 13, 19, 20, 38, 51, 56, 58, 70, 84, 94, 107, 108, 114, 122, 124, 127, 135, 138, 139, 140, 142]
49 [7, 12, 30, 41, 42, 56, 62, 67, 81, 95, 148]
50 [26, 29, 39, 40, 42, 55, 56, 58, 72, 92, 97, 98, 111, 117, 123, 131, 147, 148]
51 [13, 16, 23, 32, 38, 47, 48, 62, 66, 76, 88, 91, 98, 111, 126, 134]
52 [9, 15, 39, 40, 67, 98, 103, 113, 131, 139, 144]
53 [10, 17, 26, 28, 31, 32, 39, 60, 91, 94, 103, 107, 114, 118]
54 [2, 12, 20, 23, 28, 38, 39, 55, 72, 75, 77, 85, 91, 98, 112]
55 [5, 17, 40, 44, 45, 50, 54, 56, 64, 87, 89, 99, 112, 127, 128, 140, 144, 150]
56 [14, 29, 34, 36, 37, 48, 49, 50, 55, 68, 69, 76, 78, 79, 93, 124, 136, 148]
57 [2, 8, 15, 30, 35, 38, 65, 73, 75, 113, 117, 123, 124, 133, 144]
58 [1, 3, 10, 12, 22, 43, 48, 50, 81, 86, 91, 103, 104, 112, 116, 121, 138]
59 [22, 30, 34, 63, 86, 90, 94, 108, 112, 136, 147]
60 [3, 4, 15, 16, 28, 29, 35, 44, 53, 67, 83, 91, 93, 99, 104, 107, 114, 122, 133, 144]
61 [2, 10, 27, 34, 39, 41, 45, 62, 69, 74, 93, 107, 108, 109, 113, 127, 130, 131, 132, 134, 142]
62 [6, 23, 29, 33, 44, 49, 51, 61, 68, 71, 72, 75, 93, 98, 101, 121, 130, 137, 149]
63 [2, 26, 32, 37, 40, 59, 80, 89, 105, 116, 136]
64 [31, 40, 43, 45, 55, 75, 78, 92, 109, 114, 115, 125, 126, 128, 138, 139, 141, 144]
65 [21, 30, 38, 39, 57, 70, 73, 77, 116, 119, 121, 126, 135, 141]
66 [20, 39, 51, 77, 83, 85, 91, 107, 108, 111, 114, 125, 134, 135, 148]
67 [7, 8, 13, 18, 19, 20, 21, 23, 24, 33, 35, 49, 52, 60, 98, 102, 104, 123, 134]
68 [16, 29, 34, 38, 41, 56, 62, 69, 80, 83, 104, 111, 114, 122, 148]
69 [10, 11, 19, 23, 36, 37, 56, 61, 68, 75, 79, 86, 87, 103, 104, 109, 119, 120, 123, 125, 131, 136, 144, 145, 147, 148, 150]
70 [9, 20, 21, 31, 33, 36, 48, 65, 71, 80, 86, 91, 94, 109, 115, 126, 132]
71 [4, 9, 19, 27, 35, 62, 70, 82, 115, 122]
72 [7, 26, 34, 45, 50, 54, 62, 73, 77, 85, 90, 113, 121, 127, 141, 143, 149]
73 [9, 57, 65, 72, 97, 99, 106, 108, 138, 147]
74 [6, 11, 61, 75, 88, 90, 95, 98, 110, 116, 122]
75 [25, 54, 57, 62, 64, 69, 74, 81, 85, 97, 99, 113, 118, 122, 150]
76 [7, 24, 36, 39, 43, 44, 51, 56, 78, 84, 96, 102, 107, 119, 129, 146]
77 [6, 18, 21, 27, 28, 31, 35, 46, 54, 65, 66, 72, 94, 102, 103, 107, 118, 130, 136, 147, 149]
78 [18, 29, 56, 64, 76, 88, 105, 113, 131, 132, 138]
79 [3, 56, 69, 93, 114, 131, 132, 135, 141]
80 [1, 6, 12, 14, 15, 34, 40, 43, 63, 68, 70, 84, 94, 100, 106, 125, 131]
81 [19, 22, 25, 36, 45, 49, 58, 75, 104, 115, 117, 126, 142, 149]
82 [8, 43, 71, 84, 88, 94, 106, 109, 125, 132, 135, 150]
83 [8, 9, 11, 19, 24, 38, 60, 66, 68, 84, 89, 90, 97, 105, 107, 117, 119, 122, 124, 150]
84 [2, 11, 19, 27, 41, 48, 76, 80, 82, 83, 87, 88, 114, 115, 122, 137, 149]
85 [12, 16, 28, 40, 54, 66, 72, 75, 103, 110, 128, 132, 136, 144]
86 [2, 36, 40, 44, 58, 59, 69, 70, 92, 104, 105, 121]
87 [9, 22, 40, 55, 69, 84, 92, 97, 102, 109, 120, 126, 134]
88 [5, 9, 18, 20, 22, 23, 29, 30, 34, 39, 40, 42, 51, 74, 78, 82, 84, 102, 121, 137, 143, 146]
89 [2, 5, 9, 10, 34, 40, 43, 55, 63, 83, 94, 108, 112, 121, 124, 134, 146, 149, 150]
90 [6, 17, 21, 31, 44, 45, 46, 59, 72, 74, 83, 92, 95, 101, 122, 136]
91 [44, 51, 53, 54, 58, 60, 66, 70, 94, 112, 115, 118]
92 [14, 30, 50, 64, 86, 87, 90, 94, 97, 110, 112, 115, 120, 121, 123, 130]
93 [20, 37, 56, 60, 61, 62, 79, 99, 117, 128, 135, 144, 150]
94 [1, 8, 22, 40, 43, 48, 53, 59, 70, 77, 80, 82, 89, 91, 92, 107, 108, 112, 126, 147]
95 [7, 11, 17, 25, 38, 40, 42, 49, 74, 90, 99, 127, 142]
96 [13, 19, 21, 34, 76, 101, 103, 106, 112, 114, 132, 147, 148]
97 [8, 14, 50, 73, 75, 83, 87, 92, 98, 105, 123, 134, 135, 140, 142, 146]
98 [6, 24, 30, 50, 51, 52, 54, 62, 67, 74, 97, 102, 121, 129, 132, 138, 139]
99 [11, 20, 24, 47, 55, 60, 73, 75, 93, 95, 105, 110, 125, 133, 136]
100 [2, 22, 24, 28, 36, 38, 46, 80, 102, 108, 124, 131, 134]
101 [29, 62, 90, 96, 118, 120, 129, 137]
102 [43, 67, 76, 77, 87, 88, 98, 100, 108, 134]
103 [2, 4, 5, 15, 18, 21, 22, 28, 30, 31, 34, 52, 53, 58, 69, 77, 85, 96, 113, 137, 141]
104 [22, 23, 25, 41, 44, 58, 60, 67, 68, 69, 81, 86, 117, 118, 131, 149]
105 [2, 35, 45, 63, 78, 83, 86, 97, 99, 115, 121, 133, 137, 138]
106 [36, 73, 80, 82, 96, 107, 145]
107 [12, 25, 26, 29, 48, 53, 60, 61, 66, 76, 77, 83, 94, 106, 124, 134, 135, 144]
108 [27, 32, 40, 48, 59, 61, 66, 73, 89, 94, 100, 102, 120, 127, 129, 137, 139, 143, 145, 147]
109 [7, 11, 35, 61, 64, 69, 70, 82, 87, 120, 126, 131, 137, 140]
110 [11, 47, 74, 85, 92, 99, 112, 115, 121, 124]
111 [4, 11, 31, 37, 40, 50, 51, 66, 68, 118, 125, 145]
112 [4, 30, 32, 54, 55, 58, 59, 89, 91, 92, 94, 96, 110, 113, 115, 121]
113 [6, 11, 28, 37, 52, 57, 61, 72, 75, 78, 103, 112, 114, 126, 141, 144]
114 [18, 23, 25, 27, 31, 48, 53, 60, 64, 66, 68, 79, 84, 96, 113, 130, 131, 135, 147]
115 [6, 19, 21, 29, 64, 70, 71, 81, 84, 91, 92, 105, 110, 112, 120, 133, 139, 144, 149, 150]
116 [4, 35, 58, 63, 65, 74, 118, 133, 137]
117 [16, 18, 50, 57, 81, 83, 93, 104, 133, 141]
118 [43, 53, 75, 77, 91, 101, 104, 111, 116, 121]
119 [1, 5, 14, 27, 65, 69, 76, 83, 124, 139, 140, 146]
120 [15, 29, 30, 69, 87, 92, 101, 108, 109, 115, 124, 131, 135, 144, 146, 149]
121 [5, 9, 20, 29, 35, 37, 58, 62, 65, 72, 86, 88, 89, 92, 98, 105, 110, 112, 118, 123, 130]
122 [19, 24, 26, 31, 48, 60, 68, 71, 74, 75, 83, 84, 90, 128]
123 [6, 18, 25, 50, 57, 67, 69, 92, 97, 121, 125, 130, 134, 137, 141, 144]
124 [6, 12, 16, 27, 28, 37, 48, 56, 57, 83, 89, 100, 107, 110, 119, 120]
125 [12, 27, 64, 66, 69, 80, 82, 99, 111, 123, 126, 127, 139]
126 [19, 44, 51, 64, 65, 70, 81, 87, 94, 109, 113, 125, 141, 143, 144]
127 [12, 14, 19, 31, 48, 55, 61, 72, 95, 108, 125, 132, 136, 142, 144, 145]
128 [18, 36, 37, 55, 64, 85, 93, 122, 149]
129 [2, 22, 26, 27, 38, 76, 98, 101, 108, 145, 148, 150]
130 [6, 8, 9, 19, 61, 62, 77, 92, 114, 121, 123]
131 [2, 34, 37, 50, 52, 61, 69, 78, 79, 80, 100, 104, 109, 114, 120, 143]
132 [17, 28, 37, 46, 47, 61, 70, 78, 79, 82, 85, 96, 98, 127, 134, 137, 150]
133 [2, 6, 25, 27, 47, 57, 60, 99, 105, 115, 116, 117]
134 [6, 19, 36, 51, 61, 66, 67, 87, 89, 97, 100, 102, 107, 123, 132, 139, 140, 147]
135 [2, 5, 8, 11, 13, 30, 42, 48, 65, 66, 79, 82, 93, 97, 107, 114, 120, 137]
136 [6, 23, 26, 27, 31, 34, 42, 56, 59, 63, 69, 77, 85, 90, 99, 127, 146, 148]
137 [12, 22, 37, 62, 84, 88, 101, 103, 105, 108, 109, 116, 123, 132, 135]
138 [3, 7, 10, 17, 22, 25, 34, 48, 58, 64, 73, 78, 98, 105, 140]
139 [6, 21, 30, 31, 34, 35, 44, 48, 52, 64, 98, 108, 115, 119, 125, 134, 142, 146]
140 [23, 25, 29, 47, 48, 55, 97, 109, 119, 134, 138]
141 [7, 17, 34, 43, 64, 65, 72, 79, 103, 113, 117, 123, 126]
142 [11, 15, 18, 34, 41, 42, 48, 61, 81, 95, 97, 127, 139, 143]
143 [5, 16, 19, 37, 44, 72, 88, 108, 126, 131, 142]
144 [6, 17, 22, 31, 47, 52, 55, 57, 60, 64, 69, 85, 93, 107, 113, 115, 120, 123, 126, 127]
145 [1, 19, 20, 42, 69, 106, 108, 111, 127, 129, 146]
146 [7, 9, 11, 12, 40, 42, 43, 76, 88, 89, 97, 119, 120, 136, 139, 145]
147 [2, 4, 32, 50, 59, 69, 73, 77, 94, 96, 108, 114, 134]
148 [11, 12, 15, 21, 25, 32, 34, 40, 42, 49, 50, 56, 66, 68, 69, 96, 129, 136, 149]
149 [3, 18, 32, 62, 72, 77, 81, 84, 89, 104, 115, 120, 128, 148]
150 [2, 9, 19, 22, 33, 35, 40, 46, 55, 69, 75, 82, 83, 89, 93, 115, 129, 132]
