ER Model
Parameters:
- p:0.1

1 [8, 27, 41, 61, 62, 69, 73, 75, 81, 90, 99, 107, 108, 125, 128, 135, 138, 141, 146]
2 [9, 31, 34, 36, 67, 74, 76, 88, 99, 109, 112, 119, 130, 134, 137, 138, 147]
3 [25, 29, 36, 38, 40, 56, 65, 66, 67, 70, 71, 78, 79, 98, 108, 115, 125, 138, 150]
4 [16, 17, 31, 46, 49, 72, 82, 104, 122, 123, 130, 133, 134]
5 [8, 22, 32, 45, 56, 67, 70, 80, 81, 98, 108, 135]
6 [9, 45, 72, 76, 79, 82, 85, 102, 104, 112, 115, 129, 142, 143]
7 [23, 32, 38, 46, 47, 56, 71, 82, 87, 110, 113, 115, 127, 128]
8 [1, 5, 13, 36, 44, 49, 51, 52, 71, 73, 82, 98, 99, 106, 108, 113, 133, 136, 147]
9 [2, 6, 16, 20, 35, 51, 53, 77, 81, 124, 133, 136, 146, 147, 148]
10 [25, 47, 51, 68, 97, 115, 123]
11 [19, 40, 64, 71, 73, 74, 96, 97, 112, 115, 121, 132, 146]
12 [21, 38, 40, 58, 74, 87, 91, 93, 95, 96, 113, 132, 146, 149]
13 [8, 22, 43, 59, 70, 73, 83, 85, 88, 99, 102, 104, 107, 109, 110, 115, 120, 124, 127, 147]
14 [18, 36, 37, 40, 70, 85, 93, 106, 116, 120, 123, 129, 133]
15 [46, 48, 50, 51, 65, 76, 99, 110, 111, 112, 115, 122, 137, 144]
16 [4, 9, 26, 36, 45, 48, 54, 57, 59, 74, 77, 78, 92, 95, 97, 102, 116, 133]
17 [4, 26, 34, 36, 44, 52, 53, 95, 105, 113, 115, 119, 120, 125, 131, 137, 139, 146]
18 [14, 20, 23, 36, 40, 41, 51, 69, 77, 78, 84, 102, 104, 108, 110, 112, 129, 135, 139, 142]
19 [11, 23, 51, 67, 77, 83, 85, 99, 104, 128, 134, 142, 145, 148]
20 [9, 18, 31, 36, 48, 58, 61, 63, 72, 76, 80, 84, 93, 111, 121, 128, 129, 139, 140]
21 [12, 45, 60, 68, 70, 76, 84, 95, 98, 111, 115, 117, 127, 133, 138, 147, 148]
22 [5, 13, 28, 49, 57, 74, 82, 90, 94, 99, 113, 117, 128, 130, 145, 150]
23 [7, 18, 19, 26, 28, 32, 34, 37, 40, 43, 57, 61, 72, 76, 94, 95, 100, 111, 125, 137]
24 [26, 27, 32, 33, 45, 58, 64, 68, 82, 119, 122, 135, 136]
25 [3, 10, 32, 38, 40, 45, 67, 101, 110, 136, 141]
26 [16, 17, 23, 24, 35, 44, 45, 79, 90, 92, 97, 105, 112]
27 [1, 24, 28, 33, 56, 64, 71, 78, 87, 92, 114, 116]
28 [22, 23, 27, 50, 59, 69, 109, 148]
29 [3, 37, 49, 53, 70, 72, 73, 80, 81, 84, 102, 109, 110, 114, 116]
30 [43, 50, 79, 81, 112, 118, 127, 140]
31 [2, 4, 20, 33, 46, 48, 56, 60, 68, 79, 80, 84, 86, 95, 149, 150]
32 [5, 7, 23, 24, 25, 48, 51, 52, 62, 71, 79, 82, 109, 114, 126, 133, 149]
33 [24, 27, 31, 42, 55, 81, 86, 88, 99, 100, 108, 126, 131, 134, 140, 146]
34 [2, 17, 23, 47, 59, 60, 63, 66, 91, 98, 109, 147]
35 [9, 26, 40, 42, 45, 59, 63, 85, 103, 125, 138, 139, 141]
36 [2, 3, 8, 14, 16, 17, 18, 20, 73, 97, 116, 125, 133, 139, 142]
37 [14, 23, 29, 67, 68, 76, 77, 81, 102, 126, 138]
38 [3, 7, 12, 25, 46, 48, 59, 71, 81, 93, 103, 132, 135, 143]
39 [63, 75, 86, 93, 120, 127, 148]
40 [3, 11, 12, 14, 18, 23, 25, 35, 49, 75, 76, 100, 108, 121, 124, 127]
41 [1, 18, 42, 43, 44, 52, 59, 61, 70, 81, 92, 97, 127, 128, 135]
42 [33, 35, 41, 72, 84, 87, 90, 91, 111, 120, 144, 149]
43 [13, 23, 30, 41, 59, 67, 81, 84, 91, 111, 124, 125, 131, 140, 147]
44 [8, 17, 26, 41, 53, 60, 80, 85, 89, 137]
45 [5, 6, 16, 21, 24, 25, 26, 35, 49, 68, 75, 84, 89, 90, 103, 109, 112, 115, 118, 136, 146]
46 [4, 7, 15, 31, 38, 47, 50, 60, 78, 91, 94, 98, 119, 127]
47 [7, 10, 34, 46, 61, 67, 76, 105, 109, 114, 139, 141, 148]
48 [15, 16, 20, 31, 32, 38, 52, 71, 72, 73, 87, 88, 113, 116, 120, 143, 148]
49 [4, 8, 22, 29, 40, 45, 51, 88, 89, 95, 106, 110, 119, 122, 130, 138]
50 [15, 28, 30, 46, 60, 77, 94, 106, 107, 126, 131, 135]
51 [8, 9, 10, 15, 18, 19, 32, 49, 52, 53, 58, 72, 97, 108, 112, 113, 114, 122, 132, 137, 146]
52 [8, 17, 32, 41, 48, 51, 55, 57, 61, 71, 90, 103, 126, 127, 129, 131, 144]
53 [9, 17, 29, 44, 51, 57, 60, 65, 80, 110]
54 [16, 67, 82, 94, 136, 137]
55 [33, 52, 82, 84, 91, 112, 113, 126, 132]
56 [3, 5, 7, 27, 31, 60, 68, 72, 80, 81, 92, 93, 111, 114, 116, 126, 127, 142]
57 [16, 22, 23, 52, 53, 60, 72, 79, 90, 94, 97, 115, 117, 121, 132, 143]
58 [12, 20, 24, 51, 68, 75, 81, 89, 116, 129, 132, 135, 149]
59 [13, 16, 28, 34, 35, 38, 41, 43, 65, 67, 74, 75, 130, 133, 137]
60 [21, 31, 34, 44, 46, 50, 53, 56, 57, 79, 91, 106, 141]
61 [1, 20, 23, 41, 47, 52, 63, 72, 77, 80, 95, 99, 102, 117, 120, 140, 146]
62 [1, 32, 72, 79, 92, 93, 95, 123, 127, 145]
63 [20, 34, 35, 39, 61, 74, 77, 132, 145, 147]
64 [11, 24, 27, 67, 72, 82, 90, 98, 120, 130]
65 [3, 15, 53, 59, 82, 86, 98, 102, 127]
66 [3, 34, 73, 76, 101, 117, 119, 122, 126]
67 [2, 3, 5, 19, 25, 37, 43, 47, 54, 59, 64, 73, 77, 82, 88, 96, 99, 107, 110, 113, 116, 128, 145]
68 [10, 21, 24, 31, 37, 45, 56, 58, 81, 83, 85, 86, 108, 123, 139, 149]
69 [1, 18, 28, 75, 80, 115, 147]
70 [3, 5, 13, 14, 21, 29, 41, 79, 100, 107, 111, 112, 119, 120, 124, 128, 131, 138, 140, 142]
71 [3, 7, 8, 11, 27, 32, 38, 48, 52, 74, 76, 80, 84, 87, 92, 94, 111, 115, 124, 127, 138]
72 [4, 6, 20, 23, 29, 42, 48, 51, 56, 57, 61, 62, 64, 101, 142, 145]
73 [1, 8, 11, 13, 29, 36, 48, 66, 67, 79, 90, 96, 98, 99, 105, 106, 115, 116, 150]
74 [2, 11, 12, 16, 22, 59, 63, 71, 79, 95, 126]
75 [1, 39, 40, 45, 58, 59, 69, 83, 84, 86, 89, 94, 97, 107, 119, 121, 126, 131, 138]
76 [2, 6, 15, 20, 21, 23, 37, 40, 47, 66, 71, 82, 85, 90, 105, 116, 123, 125, 126, 132]
77 [9, 16, 18, 19, 37, 50, 61, 63, 67, 80, 95, 96, 104, 116, 134, 136, 142]
78 [3, 16, 18, 27, 46, 88, 89, 102, 118, 132, 138]
79 [3, 6, 26, 30, 31, 32, 57, 60, 62, 70, 73, 74, 84, 90, 104, 119, 130, 134, 139]
80 [5, 20, 29, 31, 44, 53, 56, 61, 69, 71, 77, 102, 103, 129]
81 [1, 5, 9, 29, 30, 33, 37, 38, 41, 43, 56, 58, 68, 84, 130]
82 [4, 6, 7, 8, 22, 24, 32, 54, 55, 64, 65, 67, 76, 100, 104]
83 [13, 19, 68, 75, 128, 142]
84 [18, 20, 21, 29, 31, 42, 43, 45, 55, 71, 75, 79, 81, 91, 94, 95, 104, 145]
85 [6, 13, 14, 19, 35, 44, 68, 76, 87, 94, 99, 109, 130, 134, 150]
86 [31, 33, 39, 65, 68, 75, 96, 106, 136, 145, 147]
87 [7, 12, 27, 42, 48, 71, 85, 96, 109, 124, 127, 128, 129, 130, 138, 143]
88 [2, 13, 33, 48, 49, 67, 78, 89, 120, 122, 128, 131, 139]
89 [44, 45, 49, 58, 75, 78, 88, 97, 113, 116, 121, 129, 142, 149]
90 [1, 22, 26, 42, 45, 52, 57, 64, 73, 76, 79, 99, 110, 112, 118, 137]
91 [12, 34, 42, 43, 46, 55, 60, 84, 105, 106, 137, 150]
92 [16, 26, 27, 41, 56, 62, 71, 94, 100, 102, 117, 126, 144, 145]
93 [12, 14, 20, 38, 39, 56, 62, 100, 102, 112, 122, 126, 132, 142]
94 [22, 23, 46, 50, 54, 57, 71, 75, 84, 85, 92, 107, 133]
95 [12, 16, 17, 21, 23, 31, 49, 61, 62, 74, 77, 84, 101, 102, 119, 130, 133, 137, 146, 147]
96 [11, 12, 67, 73, 77, 86, 87, 106, 113, 118, 124, 131, 135, 142, 146]
97 [10, 11, 16, 26, 36, 41, 51, 57, 75, 89, 117, 132, 137, 139, 144, 145]
98 [3, 5, 8, 21, 34, 46, 64, 65, 73, 104, 113, 123, 126]
99 [1, 2, 8, 13, 15, 19, 22, 33, 61, 67, 73, 85, 90, 105, 110, 118, 122, 129, 140]
100 [23, 33, 40, 70, 82, 92, 93, 102, 105, 115, 117, 119, 124, 130, 138, 139]
101 [25, 66, 72, 95, 108, 126, 127, 137]
102 [6, 13, 16, 18, 29, 37, 61, 65, 78, 80, 92, 93, 95, 100, 106, 107, 123, 136, 141]
103 [35, 38, 45, 52, 80, 108, 111, 121, 124, 131, 132, 144]
104 [4, 6, 13, 18, 19, 77, 79, 82, 84, 98, 110, 113, 119, 136, 148]
105 [17, 26, 47, 73, 76, 91, 99, 100, 124, 138, 145]
106 [8, 14, 49, 50, 60, 73, 86, 91, 96, 102, 124, 128, 132, 136, 148]
107 [1, 13, 50, 67, 70, 75, 94, 102, 117, 127, 150]
108 [1, 3, 5, 8, 18, 33, 40, 51, 68, 101, 103, 132, 133, 137, 143, 149]
109 [2, 13, 28, 29, 32, 34, 45, 47, 85, 87, 119, 120, 128, 145]
110 [7, 13, 15, 18, 25, 29, 49, 53, 67, 90, 99, 104, 111, 114, 120, 123, 138]
111 [15, 20, 21, 23, 42, 43, 56, 70, 71, 103, 110, 115, 116, 146, 150]
112 [2, 6, 11, 15, 18, 26, 30, 45, 51, 55, 70, 90, 93, 120, 125, 129, 139, 145]
113 [7, 8, 12, 17, 22, 48, 51, 55, 67, 89, 96, 98, 104, 125, 126, 132]
114 [27, 29, 32, 47, 51, 56, 110, 118, 121, 133, 138]
115 [3, 6, 7, 10, 11, 13, 15, 17, 21, 45, 57, 69, 71, 73, 100, 111, 122, 131, 135, 142, 146]
116 [14, 16, 27, 29, 36, 48, 56, 58, 67, 73, 76, 77, 89, 111, 117]
117 [21, 22, 57, 61, 66, 92, 97, 100, 107, 116, 120]
118 [30, 45, 78, 90, 96, 99, 114, 125, 126, 131, 143, 145, 148]
119 [2, 17, 24, 46, 49, 66, 70, 75, 79, 95, 100, 104, 109]
120 [13, 14, 17, 39, 42, 48, 61, 64, 70, 88, 109, 110, 112, 117, 121, 129, 133, 136]
121 [11, 20, 40, 57, 75, 89, 103, 114, 120, 124, 127, 134]
122 [4, 15, 24, 49, 51, 66, 88, 93, 99, 115, 127, 137]
123 [4, 10, 14, 62, 68, 76, 98, 102, 110, 145]
124 [9, 13, 40, 43, 70, 71, 87, 96, 100, 103, 105, 106, 121, 126, 133]
125 [1, 3, 17, 23, 35, 36, 43, 76, 112, 113, 118, 135, 136, 142, 143]
126 [32, 33, 37, 50, 52, 55, 56, 66, 74, 75, 76, 92, 93, 98, 101, 113, 118, 124, 140, 147]
127 [7, 13, 21, 30, 39, 40, 41, 46, 52, 56, 62, 65, 71, 87, 101, 107, 121, 122, 131, 142, 143, 144]
128 [1, 7, 19, 20, 22, 41, 67, 70, 83, 87, 88, 106, 109, 135, 136, 146]
129 [6, 14, 18, 20, 52, 58, 80, 87, 89, 99, 112, 120, 130, 131, 136]
130 [2, 4, 22, 49, 59, 64, 79, 81, 85, 87, 95, 100, 129, 133, 138, 148]
131 [17, 33, 43, 50, 52, 70, 75, 88, 96, 103, 115, 118, 127, 129, 139, 143]
132 [11, 12, 38, 51, 55, 57, 58, 63, 76, 78, 93, 97, 103, 106, 108, 113, 149]
133 [4, 8, 9, 14, 16, 21, 32, 36, 59, 94, 95, 108, 114, 120, 124, 130, 141, 145]
134 [2, 4, 19, 33, 77, 79, 85, 121, 147, 150]
135 [1, 5, 18, 24, 38, 41, 50, 58, 96, 115, 125, 128, 147]
136 [8, 9, 24, 25, 45, 54, 77, 86, 102, 104, 106, 120, 125, 128, 129, 149]
137 [2, 15, 17, 23, 44, 51, 54, 59, 90, 91, 95, 97, 101, 108, 122]
138 [1, 2, 3, 21, 35, 37, 49, 70, 71, 75, 78, 87, 100, 105, 110, 114, 130, 139]
139 [17, 18, 20, 35, 36, 47, 68, 79, 88, 97, 100, 112, 131, 138, 145, 148]
140 [20, 30, 33, 43, 61, 70, 99, 126, 142, 149]
141 [1, 25, 35, 47, 60, 102, 133, 145]
142 [6, 18, 19, 36, 56, 70, 72, 77, 83, 89, 93, 96, 115, 125, 127, 140]
143 [6, 38, 48, 57, 87, 108, 118, 125, 127, 131, 144, 149]
144 [15, 42, 52, 92, 97, 103, 127, 143, 149]
145 [19, 22, 62, 63, 67, 72, 84, 86, 92, 97, 105, 109, 112, 118, 123, 133, 139, 141, 149]
146 [1, 9, 11, 12, 17, 33, 45, 51, 61, 95, 96, 111, 115, 128, 149]
147 [2, 8, 9, 13, 21, 34, 43, 63, 69, 86, 95, 126, 134, 135, 148]
148 [9, 19, 21, 28, 39, 47, 48, 104, 106, 118, 130, 139, 147]
149 [12, 31, 32, 42, 58, 68, 89, 108, 132, 136, 140, 143, 144, 145, 146, 150]
150 [3, 22, 31, 73, 85, 91, 107, 111, 134, 149]
