ER Model
Parameters:
- p:0.1

1 [3, 17, 19, 30]
2 [7, 10, 18]
3 [1, 12, 14, 15, 20, 24, 28, 30]
4 [36, 40]
5 [16, 28, 30, 35, 38]
6 [7, 10, 15, 37, 45]
7 [2, 6, 24, 28, 31, 48]
8 [21, 23, 24, 28, 44, 50]
9 [13, 14, 15, 17, 40, 44]
10 [2, 6, 14, 16, 32]
11 [18, 19, 33, 35]
12 [3, 19, 28, 32, 34, 41, 45, 50]
13 [9, 28, 36, 43]
14 [3, 9, 10, 41]
15 [3, 6, 9, 21, 43]
16 [5, 10, 18, 22, 29, 30, 42]
17 [1, 9, 29, 40]
18 [2, 11, 16, 23, 49]
19 [1, 11, 12, 47]
20 [3, 31]
21 [8, 15, 25, 30, 42, 46]
22 [16, 37]
23 [8, 18, 30, 31, 42, 46]
24 [3, 7, 8, 48]
25 [21, 26, 36, 45]
26 [25, 28, 45, 50]
27 [39, 43]
28 [3, 5, 7, 8, 12, 13, 26, 38, 49]
29 [16, 17]
30 [1, 3, 5, 16, 21, 23, 33, 37, 43, 46, 47]
31 [7, 20, 23]
32 [10, 12, 38]
33 [11, 30, 37, 39, 47, 49]
34 [12]
35 [5, 11, 40, 49]
36 [4, 13, 25, 42, 47]
37 [6, 22, 30, 33, 41, 43]
38 [5, 28, 32, 49]
39 [27, 33, 41, 49]
40 [4, 9, 17, 35, 46]
41 [12, 14, 37, 39]
42 [16, 21, 23, 36, 49]
43 [13, 15, 27, 30, 37]
44 [8, 9]
45 [6, 12, 25, 26, 49]
46 [21, 23, 30, 40]
47 [19, 30, 33, 36, 50]
48 [7, 24]
49 [18, 28, 33, 35, 38, 39, 42, 45]
50 [8, 12, 26, 47]
