ER Model
Parameters:
- p:0.1

1 [18, 26, 37, 61, 77, 78, 85, 86, 88, 99]
2 [15, 38, 73, 96]
3 [19, 41, 50, 64, 78, 85, 90]
4 [9, 12, 23, 32, 39, 41, 47, 73, 76, 78, 86, 93, 97]
5 [9, 10, 12, 16, 17, 25, 26, 48, 58, 60, 66, 67, 90, 97]
6 [13, 25, 29, 30, 32, 34, 43, 46, 57, 75, 82, 89, 97, 100]
7 [20, 38, 40, 43, 50, 69, 74, 77, 79, 80, 84, 87, 97, 100]
8 [11, 29, 30, 41, 46, 49, 51, 53, 54, 56, 64, 66, 71, 90, 93, 100]
9 [4, 5, 16, 25, 30, 35, 44, 51, 57, 81, 91, 93, 97]
10 [5, 21, 24, 28, 34, 43, 45, 47, 50, 51, 68, 88, 89, 98]
11 [8, 12, 18, 37, 41, 42, 58, 61, 63, 64, 67, 87, 98]
12 [4, 5, 11, 19, 20, 27, 29, 37, 38, 41, 42, 50, 54, 67, 70, 74, 83, 92]
13 [6, 15, 32, 34, 49, 51, 54, 57, 81, 83]
14 [22, 24, 86, 92, 94, 96, 99]
15 [2, 13, 27, 28, 33, 36, 49, 50, 75, 77, 91, 97]
16 [5, 9, 31, 41]
17 [5, 23, 27, 30, 68, 69, 71, 76, 77, 79, 81, 85, 98, 99]
18 [1, 11, 20, 38, 56, 69, 83, 87, 97, 100]
19 [3, 12, 20, 28, 31, 32, 35, 47, 55, 59, 60, 88, 96, 97, 100]
20 [7, 12, 18, 19, 32, 33, 55, 59, 60, 68, 70, 73, 74, 90, 96]
21 [10, 22, 23, 31, 42, 60, 66, 80, 95]
22 [14, 21, 42, 46, 59, 76]
23 [4, 17, 21, 27, 32, 40, 44, 48, 50, 54, 56, 57, 83, 93, 96, 97, 98]
24 [10, 14, 38, 41, 80, 90, 96]
25 [5, 6, 9, 36, 38, 49, 77, 78]
26 [1, 5, 41, 44, 67, 69]
27 [12, 15, 17, 23, 31, 36, 49, 61, 84, 86]
28 [10, 15, 19, 53, 75, 94, 97]
29 [6, 8, 12, 38, 42, 45, 59, 67, 73, 77, 85, 86, 88, 94]
30 [6, 8, 9, 17, 33, 34, 55, 59, 61, 76]
31 [16, 19, 21, 27, 34, 52, 55, 57, 60, 63, 81, 93, 97]
32 [4, 6, 13, 19, 20, 23, 37, 39, 40, 44, 45, 46, 52, 64, 71]
33 [15, 20, 30, 52, 73, 80, 82, 94, 96, 100]
34 [6, 10, 13, 30, 31, 47, 56, 68, 70, 72, 77, 90, 93]
35 [9, 19, 41, 47, 50, 51, 59, 95]
36 [15, 25, 27, 61, 65, 76, 80, 82, 87, 88, 90]
37 [1, 11, 12, 32, 53, 60, 68, 70, 78, 89]
38 [2, 7, 12, 18, 24, 25, 29, 58, 74, 97]
39 [4, 32, 44, 57, 59, 68, 85]
40 [7, 23, 32, 44, 47, 51, 63, 77, 79]
41 [3, 4, 8, 11, 12, 16, 24, 26, 35, 57, 60, 64, 71, 87, 89, 92, 98]
42 [11, 12, 21, 22, 29, 53, 54, 83, 87, 91, 94, 95, 97, 98]
43 [6, 7, 10, 46, 47, 49, 51, 60, 62, 66, 92, 99]
44 [9, 23, 26, 32, 39, 40, 45, 65, 82, 83, 88, 95, 100]
45 [10, 29, 32, 44, 52, 60, 67, 69, 73, 78, 92, 93]
46 [6, 8, 22, 32, 43, 54, 71, 84, 98]
47 [4, 10, 19, 34, 35, 40, 43, 51, 79, 82, 88, 91, 96, 100]
48 [5, 23, 65, 78, 81, 93]
49 [8, 13, 15, 25, 27, 43, 65, 66, 81, 95]
50 [3, 7, 10, 12, 15, 23, 35, 52, 73, 96]
51 [8, 9, 10, 13, 35, 40, 43, 47, 62]
52 [31, 32, 33, 45, 50, 54, 73, 76, 80, 83, 84, 98, 100]
53 [8, 28, 37, 42, 68, 87, 92, 94]
54 [8, 12, 13, 23, 42, 46, 52, 62, 78, 84, 86, 88, 95]
55 [19, 20, 30, 31, 56, 62, 67, 69, 78, 81, 94, 95]
56 [8, 18, 23, 34, 55, 61, 75, 84]
57 [6, 9, 13, 23, 31, 39, 41, 69, 74, 76, 85, 93]
58 [5, 11, 38, 59, 73, 78, 85]
59 [19, 20, 22, 29, 30, 35, 39, 58, 69, 81, 82]
60 [5, 19, 20, 21, 31, 37, 41, 43, 45, 61, 93]
61 [1, 11, 27, 30, 36, 56, 60, 70, 75, 79, 89]
62 [43, 51, 54, 55, 77, 79, 92, 97]
63 [11, 31, 40, 84]
64 [3, 8, 11, 32, 41, 82, 86, 88, 92]
65 [36, 44, 48, 49, 67, 78, 80, 84]
66 [5, 8, 21, 43, 49, 91]
67 [5, 11, 12, 26, 29, 45, 55, 65, 68, 80, 92]
68 [10, 17, 20, 34, 37, 39, 53, 67, 69, 76, 79, 90, 97]
69 [7, 17, 18, 26, 45, 55, 57, 59, 68, 82, 85, 86, 95, 100]
70 [12, 20, 34, 37, 61, 78, 80, 85, 94]
71 [8, 17, 32, 41, 46, 77, 89, 90]
72 [34, 88]
73 [2, 4, 20, 29, 33, 45, 50, 52, 58, 80]
74 [7, 12, 20, 38, 57, 90]
75 [6, 15, 28, 56, 61, 82, 90]
76 [4, 17, 22, 30, 36, 52, 57, 68, 81, 82, 87, 94, 96]
77 [1, 7, 15, 17, 25, 29, 34, 40, 62, 71, 80, 88, 91, 93]
78 [1, 3, 4, 25, 37, 45, 48, 54, 55, 58, 65, 70, 92, 97, 99]
79 [7, 17, 40, 47, 61, 62, 68, 82, 88, 100]
80 [7, 21, 24, 33, 36, 52, 65, 67, 70, 73, 77]
81 [9, 13, 17, 31, 48, 49, 55, 59, 76, 87, 100]
82 [6, 33, 36, 44, 47, 59, 64, 69, 75, 76, 79, 85]
83 [12, 13, 18, 23, 42, 44, 52, 84, 87]
84 [7, 27, 46, 52, 54, 56, 63, 65, 83, 85, 100]
85 [1, 3, 17, 29, 39, 57, 58, 69, 70, 82, 84, 95]
86 [1, 4, 14, 27, 29, 54, 64, 69, 88]
87 [7, 11, 18, 36, 41, 42, 53, 76, 81, 83, 93]
88 [1, 10, 19, 29, 36, 44, 47, 54, 64, 72, 77, 79, 86]
89 [6, 10, 37, 41, 61, 71, 92, 96]
90 [3, 5, 8, 20, 24, 34, 36, 68, 71, 74, 75]
91 [9, 15, 42, 47, 66, 77]
92 [12, 14, 41, 43, 45, 53, 62, 64, 67, 78, 89, 93]
93 [4, 8, 9, 23, 31, 34, 45, 48, 57, 60, 77, 87, 92, 94, 98]
94 [14, 28, 29, 33, 42, 53, 55, 70, 76, 93]
95 [21, 35, 42, 44, 49, 54, 55, 69, 85, 99]
96 [2, 14, 19, 20, 23, 24, 33, 47, 50, 76, 89]
97 [4, 5, 6, 7, 9, 15, 18, 19, 23, 28, 31, 38, 42, 62, 68, 78]
98 [10, 11, 17, 23, 41, 42, 46, 52, 93]
99 [1, 14, 17, 43, 78, 95]
100 [6, 7, 8, 18, 19, 33, 44, 47, 52, 69, 79, 81, 84]
