ER Model
Parameters:
- p:0.1

1 [6, 7, 17, 29, 32, 57, 59, 77, 78, 92]
2 [18, 22, 27, 79, 96]
3 [19, 20, 27, 35, 38, 55, 62, 95]
4 [5, 64, 90]
5 [4, 6, 9, 12, 36, 45, 46, 61, 73, 76, 83, 94, 95, 97, 98]
6 [1, 5, 16, 21, 22, 32, 33, 34, 35, 40, 43, 50, 51, 56, 62, 70, 74]
7 [1, 17, 30, 35, 39, 60, 65, 72, 95]
8 [22, 39, 55, 57, 77, 81, 95, 97]
9 [5, 11, 13, 55, 79]
10 [13, 27, 37, 39, 40, 43, 66]
11 [9, 12, 14, 21, 29, 30, 36, 37, 52, 91, 93]
12 [5, 11, 28, 47, 65, 74, 87, 90, 91]
13 [9, 10, 20, 41, 59, 60, 70, 78, 79, 84]
14 [11, 40, 42, 58, 60, 61, 77, 89, 99]
15 [35, 46, 63, 81, 86]
16 [6, 22, 30, 35, 41, 46, 47, 65, 66, 73, 74, 78]
17 [1, 7, 26, 43, 48, 50, 55, 61, 73, 74, 93]
18 [2, 39, 45, 53, 63, 65, 74, 80]
19 [3, 27, 35, 41, 43, 47, 53, 59, 62, 66, 87]
20 [3, 13, 23, 27, 36, 42, 58, 59, 84, 89]
21 [6, 11, 24, 43, 46, 57, 66, 87, 94, 95]
22 [2, 6, 8, 16, 32, 33, 35, 40, 43, 58, 59, 80, 86, 91, 98]
23 [20, 54, 55, 62, 73, 74, 79]
24 [21, 30, 47, 65, 72, 83, 87, 95]
25 [33, 48, 58, 59, 67, 68]
26 [17, 34, 36, 43, 45, 54, 66, 79, 88]
27 [2, 3, 10, 19, 20, 32, 36, 42, 63, 66, 67, 69, 74, 75]
28 [12, 47, 51, 57, 64, 86, 92, 96]
29 [1, 11, 33, 45, 54, 55, 82, 92]
30 [7, 11, 16, 24, 33, 37, 46, 52, 56, 69, 78, 84]
31 [33, 36, 37, 47, 49, 58, 65, 66, 70, 71, 82, 85, 87]
32 [1, 6, 22, 27, 36, 63, 68]
33 [6, 22, 25, 29, 30, 31, 40, 68, 90, 93, 99, 100]
34 [6, 26, 52, 58, 69, 72, 90, 99]
35 [3, 6, 7, 15, 16, 19, 22, 40, 51, 54, 58, 64, 74, 76, 77, 79, 88, 89]
36 [5, 11, 20, 26, 27, 31, 32, 53, 61, 65, 66, 70, 77, 99, 100]
37 [10, 11, 30, 31, 38, 43, 45, 65, 67, 71, 72, 88]
38 [3, 37, 52, 60, 61, 85]
39 [7, 8, 10, 18, 42, 46, 68, 71, 83]
40 [6, 10, 14, 22, 33, 35, 41, 42, 55, 59, 78, 81, 94]
41 [13, 16, 19, 40, 49, 59, 60, 63, 67, 94]
42 [14, 20, 27, 39, 40, 44, 55, 67, 77, 81, 82, 83, 99]
43 [6, 10, 17, 19, 21, 22, 26, 37, 46, 60, 63, 75, 95]
44 [42, 78, 85, 100]
45 [5, 18, 26, 29, 37, 50, 58, 76, 85, 87, 89, 90]
46 [5, 15, 16, 21, 30, 39, 43, 53, 54, 57, 62, 63, 71, 73, 85, 91]
47 [12, 16, 19, 24, 28, 31, 52, 72, 73, 77, 82, 91]
48 [17, 25, 58, 67, 81, 83, 89]
49 [31, 41, 69, 79, 88]
50 [6, 17, 45, 53, 59, 63, 66, 76, 98]
51 [6, 28, 35, 74, 75, 86, 87]
52 [11, 30, 34, 38, 47, 59, 81, 97]
53 [18, 19, 36, 46, 50, 64, 82, 88, 95, 97]
54 [23, 26, 29, 35, 46, 55, 64, 70, 74, 99]
55 [3, 8, 9, 17, 23, 29, 40, 42, 54, 77]
56 [6, 30, 78, 88, 94, 95]
57 [1, 8, 21, 28, 46, 83, 91, 95]
58 [14, 20, 22, 25, 31, 34, 35, 45, 48, 69, 72, 80, 91]
59 [1, 13, 19, 20, 22, 25, 40, 41, 50, 52, 75, 87, 95, 97, 99]
60 [7, 13, 14, 38, 41, 43, 61, 62, 75, 99]
61 [5, 14, 17, 36, 38, 60, 63, 85, 86]
62 [3, 6, 19, 23, 46, 60, 66, 80, 83, 96]
63 [15, 18, 27, 32, 41, 43, 46, 50, 61, 83, 85, 92]
64 [4, 28, 35, 53, 54, 80, 82, 88, 90]
65 [7, 12, 16, 18, 24, 31, 36, 37, 70, 77, 90, 98]
66 [10, 16, 19, 21, 26, 27, 31, 36, 50, 62]
67 [25, 27, 37, 41, 42, 48, 88]
68 [25, 32, 33, 39, 76, 81, 87, 90]
69 [27, 30, 34, 49, 58, 72, 73]
70 [6, 13, 31, 36, 54, 65, 73, 75, 79]
71 [31, 37, 39, 46, 72, 84, 99]
72 [7, 24, 34, 37, 47, 58, 69, 71, 73, 83, 92, 93, 94, 95]
73 [5, 16, 17, 23, 46, 47, 69, 70, 72, 76]
74 [6, 12, 16, 17, 18, 23, 27, 35, 51, 54, 76, 79, 82]
75 [27, 43, 51, 59, 60, 70, 87, 89, 91, 95]
76 [5, 35, 45, 50, 68, 73, 74, 77]
77 [1, 8, 14, 35, 36, 42, 47, 55, 65, 76, 81, 91]
78 [1, 13, 16, 30, 40, 44, 56, 83, 99]
79 [2, 9, 13, 23, 26, 35, 49, 70, 74]
80 [18, 22, 58, 62, 64, 85]
81 [8, 15, 40, 42, 48, 52, 68, 77, 87]
82 [29, 31, 42, 47, 53, 64, 74]
83 [5, 24, 39, 42, 48, 57, 62, 63, 72, 78, 87]
84 [13, 20, 30, 71, 87, 99]
85 [31, 38, 44, 45, 46, 61, 63, 80, 90]
86 [15, 22, 28, 51, 61, 90, 94, 96]
87 [12, 19, 21, 24, 31, 45, 51, 59, 68, 75, 81, 83, 84, 94, 98]
88 [26, 35, 37, 49, 53, 56, 64, 67]
89 [14, 20, 35, 45, 48, 75, 91, 94]
90 [4, 12, 33, 34, 45, 64, 65, 68, 85, 86]
91 [11, 12, 22, 46, 47, 57, 58, 75, 77, 89, 98]
92 [1, 28, 29, 63, 72, 99]
93 [11, 17, 33, 72, 95, 97]
94 [5, 21, 40, 41, 56, 72, 86, 87, 89, 98]
95 [3, 5, 7, 8, 21, 24, 43, 53, 56, 57, 59, 72, 75, 93, 96]
96 [2, 28, 62, 86, 95, 100]
97 [5, 8, 52, 53, 59, 93, 98]
98 [5, 22, 50, 65, 87, 91, 94, 97]
99 [14, 33, 34, 36, 42, 54, 59, 60, 71, 78, 84, 92]
100 [33, 36, 44, 96]
