ER Model
Parameters:
- p:0.1

1 [17, 33, 44, 48, 56, 63, 68, 72, 76, 85, 123, 147]
2 [11, 31, 40, 73, 100, 107, 108, 142, 149]
3 [12, 13, 14, 20, 21, 38, 42, 44, 46, 76, 83, 115, 116, 122, 126, 133, 135, 139]
4 [7, 28, 39, 45, 72, 74, 97, 109, 115, 116, 118, 129, 135, 138, 144]
5 [7, 9, 14, 18, 23, 35, 36, 50, 54, 81, 83, 100, 105, 109, 115, 123, 125, 128]
6 [23, 28, 29, 35, 36, 37, 51, 52, 54, 62, 87, 92, 129, 130, 131, 138]
7 [4, 5, 19, 27, 37, 42, 68, 87, 101, 108, 119, 121, 126, 135]
8 [20, 41, 45, 53, 56, 64, 90, 101, 119, 132, 144]
9 [5, 15, 16, 34, 38, 50, 70, 82, 87, 99, 104, 111, 116, 120, 125, 141, 150]
10 [21, 28, 50, 71, 73, 99, 104, 135, 142, 148]
11 [2, 23, 31, 40, 56, 68, 73, 102, 126, 127, 146]
12 [3, 22, 28, 55, 98, 102, 105, 106, 107, 118, 125, 132, 135, 137]
13 [3, 97, 101, 117, 139]
14 [3, 5, 19, 21, 36, 64, 80, 84, 94, 128, 136]
15 [9, 30, 43, 79, 100, 102, 107, 113, 115, 116, 122, 131, 135]
16 [9, 17, 18, 22, 25, 28, 29, 35, 38, 72, 80, 89, 102, 119, 133, 139, 149]
17 [1, 16, 27, 32, 39, 42, 45, 46, 49, 58, 72, 74, 109, 111, 121]
18 [5, 16, 22, 47, 52, 67, 69, 112, 123, 146]
19 [7, 14, 38, 41, 62, 69, 74, 93, 95, 105, 130, 141]
20 [3, 8, 29, 40, 75, 87, 89, 101, 125, 139, 145]
21 [3, 10, 14, 25, 35, 50, 63, 72, 81, 85, 112, 113, 117, 129, 130]
22 [12, 16, 18, 46, 48, 54, 69, 91, 92, 107, 115, 116]
23 [5, 6, 11, 27, 43, 57, 63, 65, 71, 76, 89, 94, 98, 108, 123, 133]
24 [50, 61, 67, 75, 83, 85, 92, 97, 100, 103, 104, 119, 121, 125, 126, 139, 143, 149, 150]
25 [16, 21, 49, 54, 58, 71, 89, 91, 107, 113, 116, 122, 132, 143, 146]
26 [52, 55, 64, 65, 80, 82, 96, 122, 126]
27 [7, 17, 23, 29, 35, 38, 43, 55, 57, 63, 66, 93, 100]
28 [4, 6, 10, 12, 16, 36, 44, 51, 52, 64, 72, 75, 84, 90, 114, 127, 131, 138]
29 [6, 16, 20, 27, 44, 59, 78, 88, 113, 123, 139, 148]
30 [15, 40, 54, 66, 72, 89, 99, 100, 110, 133, 143, 145]
31 [2, 11, 48, 51, 59, 62, 95, 98, 109, 126, 129, 136]
32 [17, 63, 65, 68, 78, 84, 99, 113, 145, 146]
33 [1, 36, 37, 39, 49, 55, 74, 76, 87, 93, 95, 98, 100, 103, 134, 144]
34 [9, 37, 51, 76, 88, 95, 97, 122, 130, 144]
35 [5, 6, 16, 21, 27, 52, 54, 60, 69, 78, 93, 98, 100, 129]
36 [5, 6, 14, 28, 33, 47, 59, 60, 83, 106, 119, 127, 138, 141, 142]
37 [6, 7, 33, 34, 62, 68, 87, 88, 103, 104, 107, 134, 146]
38 [3, 9, 16, 19, 27, 40, 53, 79, 109, 111, 123, 124, 134, 135, 145, 147, 148]
39 [4, 17, 33, 45, 47, 71, 74, 79, 83, 84, 87, 91, 104, 107, 111, 115, 140, 145, 148, 149]
40 [2, 11, 20, 30, 38, 43, 59, 70, 75, 81, 85, 88, 103, 105, 112, 117, 141, 149, 150]
41 [8, 19, 50, 63, 67, 69, 71, 92, 94, 95, 99, 101, 102, 103, 105, 106, 110, 120, 149]
42 [3, 7, 17, 46, 47, 52, 55, 59, 89, 95, 96, 99, 101, 134]
43 [15, 23, 27, 40, 71, 76, 77, 84, 94, 100, 125, 140, 141, 143]
44 [1, 3, 28, 29, 45, 49, 54, 55, 59, 85, 96, 103, 104, 107, 114, 115, 119, 123, 125, 132, 144]
45 [4, 8, 17, 39, 44, 68, 74, 77, 78, 87, 95, 96, 97, 98, 122, 123, 126, 139, 141, 146]
46 [3, 17, 22, 42, 47, 56, 67, 93, 97, 99, 101, 106, 117, 142, 146]
47 [18, 36, 39, 42, 46, 62, 82, 140, 149]
48 [1, 22, 31, 61, 67, 99, 118, 123]
49 [17, 25, 33, 44, 88, 103, 106, 108, 118, 137, 138, 140]
50 [5, 9, 10, 21, 24, 41, 57, 59, 72, 76, 79, 82, 88, 91, 106, 108, 112, 116, 120, 123, 137, 147]
51 [6, 28, 31, 34, 52, 61, 67, 76, 104, 110, 119]
52 [6, 18, 26, 28, 35, 42, 51, 53, 56, 57, 67, 71, 72, 75, 84, 88, 97, 99, 117, 126, 130, 133]
53 [8, 38, 52, 78, 81, 89, 97, 113, 114, 115, 127, 134, 137]
54 [5, 6, 22, 25, 30, 35, 44, 55, 71, 75, 87, 94, 101, 117, 122, 125, 141]
55 [12, 26, 27, 33, 42, 44, 54, 57, 75, 93, 95, 105, 114, 119, 139, 148]
56 [1, 8, 11, 46, 52, 60, 99, 121]
57 [23, 27, 50, 52, 55, 60, 64, 65, 68, 77, 88, 128, 136, 138]
58 [17, 25, 64, 66, 87, 88, 91, 121, 124, 129]
59 [29, 31, 36, 40, 42, 44, 50, 66, 80, 96, 99, 108, 118, 120, 132]
60 [35, 36, 56, 57, 63, 65, 69, 76, 78, 107, 123, 126, 139, 144, 146, 147, 150]
61 [24, 48, 51, 69, 75, 78, 89, 119, 123, 141, 150]
62 [6, 19, 31, 37, 47, 64, 65, 69, 70, 71, 72, 94, 108, 109, 120, 122, 124, 126]
63 [1, 21, 23, 27, 32, 41, 60, 73, 78, 88, 90, 100, 110, 119, 120, 130]
64 [8, 14, 26, 28, 57, 58, 62, 69, 88, 100, 107, 117, 123, 125, 138, 142, 147]
65 [23, 26, 32, 57, 60, 62, 84, 86, 96, 111, 149, 150]
66 [27, 30, 58, 59, 67, 69, 74, 128, 137, 145, 147, 149]
67 [18, 24, 41, 46, 48, 51, 52, 66, 99, 109, 126, 135, 149]
68 [1, 7, 11, 32, 37, 45, 57, 77, 78, 85, 112, 113, 121, 141, 145]
69 [18, 19, 22, 35, 41, 60, 61, 62, 64, 66, 84, 85, 101, 112, 116, 127, 143, 146, 150]
70 [9, 40, 62, 86, 89, 92, 116, 121, 135]
71 [10, 23, 25, 39, 41, 43, 52, 54, 62, 88, 92, 102, 131, 145, 146]
72 [1, 4, 16, 17, 21, 28, 30, 50, 52, 62, 90, 98, 103, 107, 122, 130, 132, 139, 149]
73 [2, 10, 11, 63, 88, 94, 98, 99, 114, 130, 147]
74 [4, 17, 19, 33, 39, 45, 66, 77, 95, 104, 107, 108, 112, 120, 125, 142]
75 [20, 24, 28, 40, 52, 54, 55, 61, 92, 102, 107, 112, 115, 116, 117, 118, 138, 147, 149]
76 [1, 3, 23, 33, 34, 43, 50, 51, 60, 107, 110, 132, 139, 142]
77 [43, 45, 57, 68, 74, 114, 132, 146]
78 [29, 32, 35, 45, 53, 60, 61, 63, 68, 89, 125, 135, 136, 138, 139, 145, 147, 148]
79 [15, 38, 39, 50, 85, 87, 89, 125, 136, 140, 144]
80 [14, 16, 26, 59, 82, 94, 95, 103, 108, 121, 123, 129, 132, 139, 140]
81 [5, 21, 40, 53, 82, 114, 120, 121, 135, 148]
82 [9, 26, 47, 50, 80, 81, 83, 87, 92, 96, 119, 132, 144]
83 [3, 5, 24, 36, 39, 82, 88, 94, 98, 106, 115, 123, 134, 139, 141, 143, 144, 145, 148]
84 [14, 28, 32, 39, 43, 52, 65, 69, 102, 107, 139, 140, 143, 146, 149, 150]
85 [1, 21, 24, 40, 44, 68, 69, 79, 86, 104, 121, 122, 130, 137, 141]
86 [65, 70, 85, 96, 100, 116, 126, 133, 148]
87 [6, 7, 9, 20, 33, 37, 39, 45, 54, 58, 79, 82, 90, 102, 109, 124, 130, 145]
88 [29, 34, 37, 40, 49, 50, 52, 57, 58, 63, 64, 71, 73, 83, 92, 99, 105, 111, 122, 124, 135]
89 [16, 20, 23, 25, 30, 42, 53, 61, 70, 78, 79, 90, 113, 115, 119, 126, 127]
90 [8, 28, 63, 72, 87, 89, 108, 113, 119, 120, 121, 128, 133]
91 [22, 25, 39, 50, 58, 123, 147]
92 [6, 22, 24, 41, 70, 71, 75, 82, 88, 94, 111, 122, 123, 125, 150]
93 [19, 27, 33, 35, 46, 55, 97, 119, 129, 134, 135, 145]
94 [14, 23, 41, 43, 54, 62, 73, 80, 83, 92, 97, 98, 101, 110, 120, 138, 140]
95 [19, 31, 33, 34, 41, 42, 45, 55, 74, 80, 102, 120, 121, 127, 129, 130, 140]
96 [26, 42, 44, 45, 59, 65, 82, 86, 105, 119, 122, 147]
97 [4, 13, 24, 34, 45, 46, 52, 53, 93, 94, 101, 105, 130]
98 [12, 23, 31, 33, 35, 45, 72, 73, 83, 94, 112, 127, 149]
99 [9, 10, 30, 32, 41, 42, 46, 48, 52, 56, 59, 67, 73, 88, 116, 126, 144]
100 [2, 5, 15, 24, 27, 30, 33, 35, 43, 63, 64, 86]
101 [7, 8, 13, 20, 41, 42, 46, 54, 69, 94, 97, 105, 129, 132, 135]
102 [11, 12, 15, 16, 41, 71, 75, 84, 87, 95, 111, 114, 130, 141, 148]
103 [24, 33, 37, 40, 41, 44, 49, 72, 80, 105]
104 [9, 10, 24, 37, 39, 44, 51, 74, 85, 109, 127, 135, 139, 145]
105 [5, 12, 19, 40, 41, 55, 88, 96, 97, 101, 103, 106, 110, 115, 121]
106 [12, 36, 41, 46, 49, 50, 83, 105, 109, 136, 138, 146, 147]
107 [2, 12, 15, 22, 25, 37, 39, 44, 60, 64, 72, 74, 75, 76, 84, 131, 135, 144, 148]
108 [2, 7, 23, 49, 50, 59, 62, 74, 80, 90, 123, 129, 132, 145]
109 [4, 5, 17, 31, 38, 62, 67, 87, 104, 106, 119]
110 [30, 41, 51, 63, 76, 94, 105, 114, 120]
111 [9, 17, 38, 39, 65, 88, 92, 102, 114, 121, 123]
112 [18, 21, 40, 50, 68, 69, 74, 75, 98, 113, 143]
113 [15, 21, 25, 29, 32, 53, 68, 89, 90, 112, 119]
114 [28, 44, 53, 55, 73, 77, 81, 102, 110, 111, 125, 129, 145, 147, 150]
115 [3, 4, 5, 15, 22, 39, 44, 53, 75, 83, 89, 105, 123, 134, 150]
116 [3, 4, 9, 15, 22, 25, 50, 69, 70, 75, 86, 99, 126, 138, 143]
117 [13, 21, 40, 46, 52, 54, 64, 75, 147]
118 [4, 12, 48, 49, 59, 75, 120, 121, 134, 138]
119 [7, 8, 16, 24, 36, 44, 51, 55, 61, 63, 82, 89, 90, 93, 96, 109, 113, 125, 143]
120 [9, 41, 50, 59, 62, 63, 74, 81, 90, 94, 95, 110, 118, 125, 132, 141, 148]
121 [7, 17, 24, 56, 58, 68, 70, 80, 81, 85, 90, 95, 105, 111, 118, 122, 145, 150]
122 [3, 15, 25, 26, 34, 45, 54, 62, 72, 85, 88, 92, 96, 121, 131]
123 [1, 5, 18, 23, 29, 38, 44, 45, 48, 50, 60, 61, 64, 80, 83, 91, 92, 108, 111, 115, 127, 142, 148]
124 [38, 58, 62, 87, 88, 134, 135, 145]
125 [5, 9, 12, 20, 24, 43, 44, 54, 64, 74, 78, 79, 92, 114, 119, 120, 131, 136, 148, 149]
126 [3, 7, 11, 24, 26, 31, 45, 52, 60, 62, 67, 86, 89, 99, 116, 134, 135]
127 [11, 28, 36, 53, 69, 89, 95, 98, 104, 123, 138, 150]
128 [5, 14, 57, 66, 90, 130]
129 [4, 6, 21, 31, 35, 58, 80, 93, 95, 101, 108, 114, 144, 146]
130 [6, 19, 21, 34, 52, 63, 72, 73, 85, 87, 95, 97, 102, 128, 134, 136, 137, 138, 139, 144]
131 [6, 15, 28, 71, 107, 122, 125, 136]
132 [8, 12, 25, 44, 59, 72, 76, 77, 80, 82, 101, 108, 120, 139, 148]
133 [3, 16, 23, 30, 52, 86, 90, 136]
134 [33, 37, 38, 42, 53, 83, 93, 115, 118, 124, 126, 130, 136]
135 [3, 4, 7, 10, 12, 15, 38, 67, 70, 78, 81, 88, 93, 101, 104, 107, 124, 126, 137, 138]
136 [14, 31, 57, 78, 79, 106, 125, 130, 131, 133, 134, 140]
137 [12, 49, 50, 53, 66, 85, 130, 135, 142, 143, 145]
138 [4, 6, 28, 36, 49, 57, 64, 75, 78, 94, 106, 116, 118, 127, 130, 135, 150]
139 [3, 13, 16, 20, 24, 29, 45, 55, 60, 72, 76, 78, 80, 83, 84, 104, 130, 132, 143]
140 [39, 43, 47, 49, 79, 80, 84, 94, 95, 136, 141, 149, 150]
141 [9, 19, 36, 40, 43, 45, 54, 61, 68, 83, 85, 102, 120, 140]
142 [2, 10, 36, 46, 64, 74, 76, 123, 137]
143 [24, 25, 30, 43, 69, 83, 84, 112, 116, 119, 137, 139]
144 [4, 8, 33, 34, 44, 60, 79, 82, 83, 99, 107, 129, 130]
145 [20, 30, 32, 38, 39, 66, 68, 71, 78, 83, 87, 93, 104, 108, 114, 121, 124, 137]
146 [11, 18, 25, 32, 37, 45, 46, 60, 69, 71, 77, 84, 106, 129]
147 [1, 38, 50, 60, 64, 66, 73, 75, 78, 91, 96, 106, 114, 117]
148 [10, 29, 38, 39, 55, 78, 81, 83, 86, 102, 107, 120, 123, 125, 132, 150]
149 [2, 16, 24, 39, 40, 41, 47, 65, 66, 67, 72, 75, 84, 98, 125, 140, 150]
150 [9, 24, 40, 60, 61, 65, 69, 84, 92, 114, 115, 121, 127, 138, 140, 148, 149]
