ER Model
Parameters:
- p:0.1

1 [30, 32, 36, 39, 42]
2 [8, 12, 18, 37, 38]
3 [13, 14, 19, 50]
4 [12, 28, 37, 42, 47]
5 [7, 12, 19, 24, 27, 43]
6 [22, 27, 33, 35, 40]
7 [5, 17, 38, 42, 49]
8 [2, 11, 36]
9 [16, 49]
10 [13, 18, 50]
11 [8, 16, 17, 37, 38, 43, 45]
12 [2, 4, 5, 34, 43, 47]
13 [3, 10, 24, 29, 45]
14 [3, 25, 37]
15 [32, 35]
16 [9, 11, 23, 31, 39, 47]
17 [7, 11, 19, 32, 35, 41]
18 [2, 10, 30, 39, 40]
19 [3, 5, 17, 24]
20 [23, 28, 32]
21 [28, 32, 45]
22 [6, 43, 46]
23 [16, 20, 40, 42, 44, 46]
24 [5, 13, 19, 35, 43, 50]
25 [14, 44]
26 [39, 43, 47]
27 [5, 6, 30, 46, 49]
28 [4, 20, 21, 30, 37]
29 [13, 34, 35, 41, 45]
30 [1, 18, 27, 28, 33, 34, 42, 47]
31 [16, 38]
32 [1, 15, 17, 20, 21, 41, 44, 47]
33 [6, 30, 42, 46]
34 [12, 29, 30, 44]
35 [6, 15, 17, 24, 29, 41]
36 [1, 8, 47]
37 [2, 4, 11, 14, 28, 45, 47, 49]
38 [2, 7, 11, 31, 40, 47]
39 [1, 16, 18, 26, 45]
40 [6, 18, 23, 38, 42]
41 [17, 29, 32, 35, 42, 48]
42 [1, 4, 7, 23, 30, 33, 40, 41, 48]
43 [5, 11, 12, 22, 24, 26, 47]
44 [23, 25, 32, 34, 47]
45 [11, 13, 21, 29, 37, 39]
46 [22, 23, 27, 33]
47 [4, 12, 16, 26, 30, 32, 36, 37, 38, 43, 44, 48]
48 [41, 42, 47]
49 [7, 9, 27, 37]
50 [3, 10, 24]
