ER Model
Parameters:
- p:0.1

1 [6, 33, 55, 58, 98]
2 [4, 41, 51, 63, 88, 97]
3 [6, 10, 19, 20, 41, 43, 63, 64, 65, 74, 78, 88, 99]
4 [2, 8, 23, 66, 70, 75, 79, 81, 92, 95, 99]
5 [13, 23, 75, 79, 80, 93, 94]
6 [1, 3, 7, 18, 21, 28, 29, 34, 57, 76, 78]
7 [6, 18, 20, 34, 76, 78, 94, 99]
8 [4, 24, 36, 37, 56, 91, 97]
9 [12, 36, 52, 53, 54, 59, 61, 75, 77, 81, 90, 94, 98]
10 [3, 14, 15, 27, 31, 57, 84]
11 [19, 36, 39, 40, 41, 48, 87, 92, 93]
12 [9, 41, 46, 63, 93]
13 [5, 76, 77]
14 [10, 16, 18, 52, 53, 77]
15 [10, 29, 30, 35, 65, 68, 72, 83, 91, 98]
16 [14, 18, 60, 64, 68, 74, 77]
17 [24, 27, 37, 50, 58, 66, 71, 74, 85, 97]
18 [6, 7, 14, 16, 27, 29, 56, 70, 75, 78, 88, 91, 97]
19 [3, 11, 21, 24, 47, 50, 55, 59, 63, 70, 73, 77, 79, 80, 82, 83]
20 [3, 7, 22, 28, 31, 43, 50, 53, 65, 91, 93, 97]
21 [6, 19, 41, 47, 50, 79, 84, 91]
22 [20, 26, 38, 66, 71, 75, 81, 85, 92, 96]
23 [4, 5, 25, 28, 33, 46, 53, 72, 77, 78, 100]
24 [8, 17, 19, 41, 43, 49, 75, 97, 99]
25 [23, 27, 29, 38, 58, 59, 69, 70, 93]
26 [22, 28, 71, 72, 96]
27 [10, 17, 18, 25, 31, 42, 43, 49, 59, 72, 74, 83, 91]
28 [6, 20, 23, 26, 47, 78, 79, 80, 84, 91]
29 [6, 15, 18, 25, 33, 38, 75, 86]
30 [15, 31, 37, 43, 46, 60, 71, 76, 84, 88, 94, 97]
31 [10, 20, 27, 30, 37, 52, 55, 63, 70, 79, 80]
32 [40, 44, 50, 74, 89]
33 [1, 23, 29, 41, 45, 64, 68, 74, 80, 92]
34 [6, 7, 39, 56, 58, 70, 96, 98, 99]
35 [15, 36, 42, 64, 70, 97, 100]
36 [8, 9, 11, 35, 61, 64, 73, 76, 79, 87, 92, 93, 97, 100]
37 [8, 17, 30, 31, 38, 50, 54, 75, 76, 81, 88]
38 [22, 25, 29, 37]
39 [11, 34, 49, 64, 74, 89]
40 [11, 32, 42, 43, 51, 58, 71, 97]
41 [2, 3, 11, 12, 21, 24, 33, 44, 69, 88]
42 [27, 35, 40, 66, 68, 93]
43 [3, 20, 24, 27, 30, 40, 50, 78, 94, 100]
44 [32, 41, 48, 52, 54, 69, 70, 75, 89, 97, 98]
45 [33, 49, 70, 90, 93, 98]
46 [12, 23, 30, 63, 64, 69, 71, 77, 85, 89]
47 [19, 21, 28, 53, 72, 74, 87]
48 [11, 44, 55, 61, 65, 70, 75, 82, 83, 86, 95, 96, 98, 100]
49 [24, 27, 39, 45, 65, 81, 83]
50 [17, 19, 20, 21, 32, 37, 43, 54, 66, 75, 79, 84, 92]
51 [2, 40, 61, 65, 66]
52 [9, 14, 31, 44, 54, 56, 58, 85]
53 [9, 14, 20, 23, 47, 58, 89, 91]
54 [9, 37, 44, 50, 52, 62, 63, 65, 98]
55 [1, 19, 31, 48, 85, 89]
56 [8, 18, 34, 52, 65, 80, 81, 86]
57 [6, 10, 68, 72, 82]
58 [1, 17, 25, 34, 40, 52, 53, 59, 72, 78, 84]
59 [9, 19, 25, 27, 58, 60, 67, 72, 78]
60 [16, 30, 59, 72, 81, 99]
61 [9, 36, 48, 51, 73]
62 [54, 87, 90]
63 [2, 3, 12, 19, 31, 46, 54, 82]
64 [3, 16, 33, 35, 36, 39, 46, 68, 71, 75, 81, 87, 97]
65 [3, 15, 20, 48, 49, 51, 54, 56, 75, 79, 81]
66 [4, 17, 22, 42, 50, 51, 67, 76, 93]
67 [59, 66, 70, 78, 89]
68 [15, 16, 33, 42, 57, 64, 69, 80, 83, 97]
69 [25, 41, 44, 46, 68, 82, 96]
70 [4, 18, 19, 25, 31, 34, 35, 44, 45, 48, 67, 73, 80, 92, 95]
71 [17, 22, 26, 30, 40, 46, 64, 74, 83, 84, 85, 87, 97]
72 [15, 23, 26, 27, 47, 57, 58, 59, 60, 75, 78, 89]
73 [19, 36, 61, 70, 85, 87, 93, 97, 99, 100]
74 [3, 16, 17, 27, 32, 33, 39, 47, 71, 80]
75 [4, 5, 9, 18, 22, 24, 29, 37, 44, 48, 50, 64, 65, 72, 86]
76 [6, 7, 13, 30, 36, 37, 66]
77 [9, 13, 14, 16, 19, 23, 46, 90]
78 [3, 6, 7, 18, 23, 28, 43, 58, 59, 67, 72, 92, 94, 95]
79 [4, 5, 19, 21, 28, 31, 36, 50, 65, 93, 99]
80 [5, 19, 28, 31, 33, 56, 68, 70, 74, 82, 88, 92, 94, 97, 100]
81 [4, 9, 22, 37, 49, 56, 60, 64, 65, 97]
82 [19, 48, 57, 63, 69, 80, 85]
83 [15, 19, 27, 48, 49, 68, 71, 88, 93, 96]
84 [10, 21, 28, 30, 50, 58, 71]
85 [17, 22, 46, 52, 55, 71, 73, 82, 87, 89, 94, 95, 98]
86 [29, 48, 56, 75, 92]
87 [11, 36, 47, 62, 64, 71, 73, 85, 91, 98]
88 [2, 3, 18, 30, 37, 41, 80, 83, 92]
89 [32, 39, 44, 46, 53, 55, 67, 72, 85]
90 [9, 45, 62, 77, 96]
91 [8, 15, 18, 20, 21, 27, 28, 53, 87, 95]
92 [4, 11, 22, 33, 36, 50, 70, 78, 80, 86, 88, 95, 97]
93 [5, 11, 12, 20, 25, 36, 42, 45, 66, 73, 79, 83, 100]
94 [5, 7, 9, 30, 43, 78, 80, 85, 95]
95 [4, 48, 70, 78, 85, 91, 92, 94]
96 [22, 26, 34, 48, 69, 83, 90]
97 [2, 8, 17, 18, 20, 24, 30, 35, 36, 40, 44, 64, 68, 71, 73, 80, 81, 92]
98 [1, 9, 15, 34, 44, 45, 48, 54, 85, 87]
99 [3, 4, 7, 24, 34, 60, 73, 79]
100 [23, 35, 36, 43, 48, 73, 80, 93]
